 150 480
 3 62
 11 148
 37 147
 37 183
 40 259
 41 147
 44 82
 51 210
 60 178
 60 117
 65 142
 79 167
 80 111
 86 136
 104 239
 109 281
 112 201
 117 226
 121 286
 122 273
 146 348
 154 263
 180 347
 190 335
 202 224
 229 450
 244 446
 271 489
 279 456
 284 417
 289 422
 304 342
 309 524
 338 512
 346 378
 363 455
 380 483
 385 521
 387 501
 399 571
 401 452
 407 642
 408 453
 410 524
 432 554
 457 617
 460 610
 468 516
 476 504
 488 670
 513 680
 518 735
 526 609
 538 564
 548 652
 549 586
 549 729
 557 679
 567 792
 572 607
 575 794
 580 739
 608 655
 609 844
 636 865
 641 877
 654 783
 661 704
 666 757
 673 910
 675 901
 677 719
 678 729
 681 905
 704 833
 728 952
 729 773
 737 888
 745 796
 753 917
 762 941
 779 941
 791 827
 796 930
 797 892
 798 1007
 812 1040
 823 996
 824 844
 835 1017
 865 1046
 868 1051
 877 1040
 886 961
 890 906
 893 954
 922 958
 933 1081
 936 1011
 941 1099
 953 1114
 957 1092
 985 1115
 1021 1082
 1023 1197
 1026 1176
 1027 1261
 1037 1073
 1044 1199
 1053 1098
 1063 1177
 1064 1273
 1085 1290
 1092 1232
 1092 1325
 1102 1195
 1107 1318
 1131 1336
 1138 1172
 1151 1368
 1152 1307
 1158 1234
 1159 1326
 1162 1289
 1174 1312
 1175 1389
 1192 1258
 1195 1348
 1216 1285
 1224 1354
 1227 1455
 1238 1415
 1258 1472
 1261 1282
 1267 1464
 1278 1361
 1280 1516
 1289 1321
 1294 1381
 1309 1343
 1314 1534
 1337 1444
 1340 1518
 1366 1543
 1370 1524
 1403 1470
 1405 1576
 1420 1447
 1421 1659
 1435 1496
 1 12 23
 1 22 115
 1 23 187
 1 26 201
 1 29 354
 1 30 320
 1 31 375
 1 32 385
 1 35 485
 1 36 408
 1 37 486
 1 41 474
 1 43 563
 2 31 216
 2 32 281
 2 35 363
 2 36 251
 2 37 399
 2 41 498
 2 43 467
 3 23 56
 3 27 102
 3 29 135
 3 30 241
 3 31 156
 3 32 307
 3 34 268
 3 35 301
 3 36 286
 3 37 439
 3 39 363
 3 41 425
 3 43 274
 3 48 462
 3 49 629
 4 28 172
 4 30 165
 4 31 192
 4 36 304
 4 39 408
 4 41 222
 4 43 275
 4 48 503
 4 49 357
 5 32 55
 5 36 125
 5 39 218
 5 41 271
 5 43 273
 5 48 346
 5 49 396
 6 26 86
 6 27 180
 6 29 227
 6 31 213
 6 34 374
 6 36 301
 6 38 325
 6 39 363
 6 41 385
 6 43 414
 6 48 396
 6 49 446
 7 25 156
 7 26 208
 7 27 315
 7 29 296
 7 30 226
 7 31 265
 7 32 423
 7 33 443
 7 34 487
 7 35 463
 7 36 481
 7 37 320
 7 38 399
 7 39 565
 7 41 345
 7 43 561
 7 44 349
 7 48 699
 7 49 736
 8 27 43
 8 29 97
 8 33 114
 8 34 134
 8 35 266
 8 39 275
 8 41 212
 8 48 483
 8 49 363
 9 30 132
 9 32 225
 9 33 224
 9 34 185
 9 35 230
 9 36 329
 9 38 235
 9 39 236
 9 41 410
 9 43 348
 9 44 235
 9 48 394
 9 49 531
 10 26 118
 10 28 183
 10 29 262
 10 30 180
 10 31 258
 10 32 349
 10 33 309
 10 34 330
 10 35 271
 10 36 457
 10 37 497
 10 38 295
 10 39 285
 10 41 359
 10 43 434
 10 44 329
 10 48 382
 10 49 664
 11 25 89
 11 28 230
 11 29 160
 11 31 229
 11 34 266
 11 35 386
 11 36 342
 11 37 358
 11 38 364
 11 39 279
 11 41 447
 11 43 310
 11 44 491
 11 48 544
 11 49 491
 12 25 57
 12 29 123
 12 32 238
 12 33 200
 12 34 208
 12 36 331
 12 37 341
 12 38 399
 12 39 264
 12 41 245
 12 43 442
 12 44 359
 12 45 339
 12 48 487
 12 49 369
 13 22 59
 13 27 173
 13 28 294
 13 29 335
 13 30 325
 13 31 244
 13 32 264
 13 33 205
 13 34 446
 13 35 442
 13 36 412
 13 37 505
 13 38 397
 13 39 479
 13 41 319
 13 43 338
 13 44 379
 13 45 324
 13 48 601
 13 49 398
 14 26 174
 14 29 148
 14 30 269
 14 31 179
 14 32 261
 14 34 339
 14 35 225
 14 36 267
 14 37 464
 14 38 280
 14 39 433
 14 41 279
 14 43 311
 14 44 353
 14 45 408
 14 48 429
 14 49 437
 14 54 546
 15 32 78
 15 35 156
 15 37 212
 15 38 221
 15 39 226
 15 40 200
 15 41 291
 15 43 258
 15 45 352
 15 48 381
 15 49 315
 15 54 438
 16 34 99
 16 36 102
 16 41 139
 16 43 144
 16 48 312
 16 49 325
 16 54 278
 16 56 522
 17 26 44
 17 28 72
 17 35 239
 17 36 192
 17 37 313
 17 38 211
 17 39 201
 17 40 225
 17 41 243
 17 43 316
 17 44 303
 17 45 313
 17 48 361
 17 49 311
 17 54 484
 17 56 650
 18 30 100
 18 32 118
 18 33 113
 18 36 198
 18 38 178
 18 40 280
 18 41 229
 18 43 222
 18 45 386
 18 48 307
 18 49 307
 18 54 618
 18 56 641
 19 38 114
 19 44 188
 19 48 244
 19 49 346
 19 54 358
 19 56 340
 20 34 120
 20 36 98
 20 39 162
 20 40 218
 20 43 162
 20 49 319
 20 54 387
 20 56 321
 21 39 52
 21 45 160
 21 46 208
 21 48 194
 21 53 250
 21 54 272
 21 56 383
 21 60 390
 22 37 136
 22 38 197
 22 40 149
 22 43 173
 22 45 188
 22 46 261
 22 47 200
 22 48 377
 22 49 218
 22 53 397
 22 54 516
 22 56 557
 22 60 412
 23 37 41
 23 46 219
 23 47 200
 23 53 188
 23 54 227
 23 56 363
 23 60 417
 23 63 447
 24 41 122
 24 42 99
 24 44 84
 24 45 159
 24 46 220
 24 48 158
 24 49 223
 24 53 199
 24 54 362
 24 55 321
 24 56 253
 24 60 319
 24 63 433
 25 34 168
 25 35 218
 25 36 262
 25 37 271
 25 39 260
 25 40 257
 25 41 238
 25 43 256
 25 44 227
 25 45 273
 25 46 275
 25 47 445
 25 48 431
 25 49 485
 25 50 447
 25 51 379
 25 53 561
 25 54 378
 25 55 599
 25 56 498
 25 58 616
 25 60 393
 25 63 417
 26 54 144
 26 56 190
 27 49 31
 27 53 98
 27 58 220
 27 60 252
 27 68 334
 28 55 68
 28 57 107
 28 58 73
 28 63 199
 28 73 319
 29 49 26
 29 55 121
 29 58 120
 29 60 143
 29 62 180
 29 69 326
 29 72 403
 29 73 364
 30 46 43
 30 50 85
 30 52 170
 30 53 113
 30 54 172
 30 55 177
 30 56 154
 30 58 258
 30 60 233
 30 62 322
 30 63 193
 30 68 411
 30 69 268
 30 72 465
 30 73 445
 31 47 43
 31 51 140
 31 53 149
 31 55 194
 31 57 181
 31 58 173
 31 62 253
 31 63 371
 31 68 277
 31 69 406
 31 72 431
 31 73 437
 32 44 70
 32 47 135
 32 50 186
 32 51 322
 32 53 321
 32 54 254
 32 55 263
 32 56 400
 32 58 402
 32 62 266
 32 63 275
 32 67 516
 32 68 492
 32 69 530
 32 72 481
 32 73 371
 32 77 683
 33 56 46
 33 67 155
 33 68 182
 33 69 160
 33 73 292
 33 77 381
 34 54 38
 34 60 88
 34 67 224
 34 68 197
 34 69 178
 34 72 230
 34 73 284
 34 77 282
 34 79 269
 35 46 88
 35 47 105
 35 48 116
 35 51 137
 35 52 255
 35 53 248
 35 54 230
 35 55 327
 35 56 290
 35 58 351
 35 59 352
 35 60 388
 35 61 205
 35 62 349
 35 63 263
 35 67 515
 35 68 499
 35 69 550
 35 72 420
 35 73 442
 35 77 471
 35 79 618
 36 47 6
 36 49 33
 36 59 145
 36 61 147
 36 63 227
 36 67 367
 36 68 270
 36 69 384
 36 72 283
 36 73 297
 36 75 386
 36 77 506
 36 79 537
 36 83 557
 37 57 102
 37 61 174
 37 62 110
 37 67 189
 37 69 268
 37 73 197
 37 75 421
 37 77 391
 37 79 408
 37 83 417
 37 89 535
 38 60 102
 38 65 219
 38 68 265
 38 73 195
 38 75 265
 38 77 266
 38 79 329
 38 83 395
 38 89 546
 39 57 63
 39 63 208
 39 67 282
 39 68 225
 39 73 314
 39 75 261
 39 79 442
 39 83 528
 39 89 351
 40 64 52
 40 67 89
 40 68 179
 40 75 209
 40 79 342
 40 83 369
 40 89 288
 41 52 99
 41 54 127
 41 56 160
 41 60 155
 41 63 208
 41 66 253
 41 68 333
 41 69 311
 41 72 425
 41 73 303
 41 75 482
 41 77 283
 41 79 574
 41 83 541
 41 89 703
 42 72 36
 42 73 55
 42 79 195
 42 89 261
 43 49 27
 43 50 52
 43 52 130
 43 54 170
 43 56 167
 43 58 189
 43 61 135
 43 62 195
 43 64 273
 43 65 356
 43 67 330
 43 68 359
 43 69 355
 43 72 287
 43 75 471
 43 77 514
 43 78 480
 43 79 368
 43 83 655
 43 89 479
 44 57 27
 44 62 63
 44 65 137
 44 66 213
 44 73 303
 44 75 295
 44 77 324
 44 78 425
 44 79 370
 44 83 289
 44 89 527
 45 61 27
 45 69 215
 45 72 182
 45 78 197
 45 79 287
 45 83 372
 45 85 376
 45 89 526
 45 95 549
 46 68 60
 46 71 64
 46 73 119
 46 75 128
 46 77 220
 46 80 155
 46 83 333
 46 89 408
 46 95 304
 47 67 59
 47 70 120
 47 73 102
 47 77 152
 47 79 168
 47 83 231
 47 84 280
 47 85 336
 47 89 333
 47 95 348
 48 61 104
 48 62 107
 48 67 191
 48 69 232
 48 70 309
 48 73 179
 48 75 237
 48 77 397
 48 78 270
 48 80 246
 48 81 329
 48 82 454
 48 83 314
 48 84 508
 48 85 555
 48 89 611
 48 95 738
 49 52 18
 49 56 85
 49 60 109
 49 61 139
 49 62 79
 49 65 141
 49 66 191
 49 69 226
 49 70 268
 49 71 257
 49 72 214
 49 74 346
 49 76 376
 49 77 378
 49 79 285
 49 80 459
 49 81 446
 49 82 295
 49 83 454
 49 84 418
 49 85 384
 49 89 377
 49 95 626
 49 96 516
 50 76 60
 50 80 151
 50 84 207
 50 85 237
 50 89 206
 50 94 331
 50 95 299
 50 96 316
 50 97 493
 51 75 35
 51 77 70
 51 83 208
 51 84 208
 51 85 148
 51 96 397
 51 97 448
 52 82 82
 52 94 300
 52 97 257
 53 66 64
 53 69 62
 53 71 121
 53 77 198
 53 79 165
 53 80 249
 53 81 247
 53 83 298
 53 88 400
 53 89 354
 53 94 330
 53 95 434
 53 96 434
 53 97 626
 54 64 50
 54 65 118
 54 69 141
 54 79 245
 54 80 367
 54 81 222
 54 82 384
 54 83 387
 54 84 294
 54 85 441
 54 86 264
 54 88 516
 54 89 483
 54 90 314
 54 94 573
 54 95 616
 54 96 499
 54 97 584
 54 99 559
 55 73 29
 55 74 54
 55 76 105
 55 78 106
 55 80 116
 55 84 287
 55 88 191
 55 90 247
 55 95 346
 55 96 327
 55 97 316
 55 99 398
 56 64 26
 56 66 76
 56 67 98
 56 72 120
 56 73 156
 56 75 174
 56 76 146
 56 78 156
 56 79 211
 56 80 330
 56 82 285
 56 83 243
 56 84 268
 56 85 255
 56 86 232
 56 88 396
 56 89 281
 56 90 375
 56 94 561
 56 95 587
 56 96 612
 56 97 344
 56 99 610
 57 84 123
 57 85 101
 57 86 119
 57 89 102
 57 95 313
 57 96 300
 57 97 225
 57 99 276
 58 78 104
 58 79 69
 58 83 177
 58 84 171
 58 85 145
 58 88 192
 58 89 257
 58 90 176
 58 95 241
 58 96 403
 58 97 384
 58 99 446
 59 93 115
 59 97 255
 59 99 160
 60 67 67
 60 70 103
 60 73 117
 60 74 142
 60 81 214
 60 83 318
 60 84 369
 60 85 281
 60 87 354
 60 89 371
 60 90 232
 60 91 397
 60 92 371
 60 93 390
 60 94 349
 60 95 369
 60 96 329
 60 97 422
 60 99 644
 61 88 54
 61 95 168
 61 97 131
 61 99 162
 62 79 9
 62 87 141
 62 88 125
 62 91 251
 62 92 245
 62 94 240
 62 95 172
 62 97 291
 63 76 138
 63 83 247
 63 84 143
 63 85 172
 63 87 261
 63 88 184
 63 89 336
 63 90 288
 63 91 276
 63 94 392
 63 95 389
 63 96 253
 63 97 417
 63 98 472
 63 99 542
 63 104 450
 63 108 556
 64 93 39
 64 97 82
 64 98 151
 64 99 161
 64 104 303
 64 108 346
 65 96 38
 65 97 101
 65 98 96
 65 99 100
 65 104 279
 65 108 295
 66 97 54
 66 103 137
 66 104 195
 66 108 253
 67 87 42
 67 88 71
 67 90 72
 67 97 152
 67 98 281
 67 99 194
 67 100 268
 67 102 281
 67 103 310
 67 104 306
 67 108 394
 67 110 416
 68 76 42
 68 80 67
 68 91 254
 68 92 326
 68 93 235
 68 94 242
 68 95 354
 68 96 196
 68 97 315
 68 98 454
 68 100 414
 68 101 473
 68 102 491
 68 103 540
 68 104 343
 68 108 465
 68 110 590
 69 92 220
 69 94 233
 69 96 139
 69 97 295
 69 98 267
 69 100 332
 69 101 244
 69 102 332
 69 103 431
 69 104 460
 69 108 442
 69 110 499
 70 103 142
 70 104 130
 70 108 131
 71 103 153
 71 104 181
 71 108 149
 71 110 214
 72 92 162
 72 93 195
 72 94 211
 72 95 222
 72 96 220
 72 97 230
 72 98 295
 72 99 264
 72 100 313
 72 101 290
 72 102 280
 72 103 445
 72 104 448
 72 108 601
 72 110 363
 73 81 51
 73 82 81
 73 85 105
 73 89 108
 73 90 124
 73 91 248
 73 92 233
 73 94 245
 73 96 214
 73 97 240
 73 98 371
 73 99 301
 73 100 382
 73 101 291
 73 102 352
 73 103 473
 73 104 360
 73 108 578
 73 110 469
 75 101 157
 75 103 248
 75 104 364
 75 106 257
 75 110 355
 75 111 256
 75 119 543
 76 105 114
 76 116 233
 76 119 276
 77 88 82
 77 89 62
 77 94 132
 77 95 123
 77 98 181
 77 101 354
 77 102 275
 77 103 318
 77 104 440
 77 105 447
 77 106 428
 77 108 372
 77 109 290
 77 110 521
 77 111 535
 77 116 533
 77 119 394
 78 100 87
 78 105 165
 78 106 266
 78 108 150
 78 116 350
 78 119 257
 79 91 82
 79 94 103
 79 97 201
 79 98 210
 79 99 218
 79 100 284
 79 101 272
 79 104 231
 79 105 310
 79 106 304
 79 108 291
 79 109 284
 79 110 383
 79 111 478
 79 116 536
 79 119 370
 80 102 42
 80 104 144
 80 106 196
 80 108 169
 80 109 207
 80 116 282
 80 119 225
 81 105 87
 81 109 150
 81 110 142
 81 111 157
 81 116 300
 81 119 275
 81 122 289
 82 105 116
 82 109 172
 82 110 181
 82 114 299
 82 119 236
 82 122 227
 82 127 359
 83 93 90
 83 96 75
 83 97 159
 83 100 201
 83 101 222
 83 102 160
 83 103 238
 83 104 261
 83 105 304
 83 106 275
 83 108 215
 83 109 407
 83 110 428
 83 111 375
 83 114 474
 83 116 536
 83 119 558
 83 122 399
 83 127 504
 84 105 143
 84 106 180
 84 107 168
 84 110 145
 84 111 174
 84 116 221
 84 119 266
 84 122 379
 84 127 510
 85 102 77
 85 106 222
 85 107 147
 85 108 234
 85 109 206
 85 112 316
 85 114 247
 85 116 420
 85 119 321
 85 122 509
 85 127 405
 86 106 34
 86 114 125
 86 116 106
 86 119 235
 86 127 191
 87 116 70
 87 119 151
 87 124 215
 87 127 172
 87 129 197
 87 134 287
 88 104 45
 88 105 46
 88 108 45
 88 110 72
 88 113 134
 88 116 180
 88 124 176
 88 127 259
 88 129 221
 88 134 490
 89 97 154
 89 98 118
 89 100 152
 89 101 158
 89 102 124
 89 103 198
 89 104 192
 89 105 331
 89 106 348
 89 107 184
 89 111 334
 89 112 248
 89 113 373
 89 114 441
 89 116 329
 89 119 364
 89 122 573
 89 124 380
 89 127 586
 89 129 401
 89 134 753
 90 108 22
 90 113 99
 90 121 256
 90 124 230
 90 127 347
 90 129 215
 90 134 290
 91 113 75
 91 114 72
 91 116 64
 91 118 147
 91 124 167
 91 125 188
 91 134 313
 91 138 355
 91 140 269
 92 112 23
 92 113 35
 92 117 64
 92 118 149
 92 121 148
 92 123 199
 92 125 198
 92 127 238
 92 129 258
 92 138 282
 92 140 503
 93 111 35
 93 113 75
 93 117 116
 93 118 107
 93 125 205
 93 127 285
 93 128 177
 93 129 274
 93 134 434
 93 138 292
 93 140 391
 94 105 63
 94 106 120
 94 112 191
 94 114 189
 94 115 181
 94 116 261
 94 117 196
 94 118 212
 94 119 190
 94 122 273
 94 123 233
 94 124 222
 94 125 396
 94 127 258
 94 128 407
 94 129 374
 94 130 409
 94 134 495
 94 136 360
 94 138 496
 94 140 664
 95 97 22
 95 104 161
 95 106 150
 95 107 181
 95 110 210
 95 111 203
 95 113 195
 95 114 297
 95 115 339
 95 116 349
 95 117 297
 95 118 240
 95 119 239
 95 120 398
 95 121 319
 95 122 346
 95 123 391
 95 124 479
 95 125 489
 95 127 365
 95 128 469
 95 129 440
 95 130 457
 95 134 691
 95 136 523
 95 138 402
 95 140 422
 96 110 155
 96 111 205
 96 112 196
 96 114 263
 96 115 218
 96 116 168
 96 117 305
 96 119 267
 96 120 320
 96 121 268
 96 122 298
 96 124 337
 96 127 412
 96 128 425
 96 129 449
 96 130 517
 96 134 562
 96 136 417
 96 138 554
 96 140 458
 97 106 71
 97 109 119
 97 111 120
 97 114 257
 97 116 227
 97 117 183
 97 118 251
 97 120 224
 97 122 324
 97 123 229
 97 127 371
 97 128 306
 97 129 313
 97 130 369
 97 134 349
 97 136 611
 97 138 527
 97 139 639
 97 140 375
 98 116 27
 98 128 175
 98 130 249
 98 134 276
 98 136 307
 98 138 256
 98 139 308
 99 115 137
 99 116 102
 99 119 250
 99 121 236
 99 122 275
 99 123 204
 99 125 173
 99 126 304
 99 127 302
 99 128 188
 99 129 317
 99 130 372
 99 132 332
 99 134 434
 99 136 364
 99 138 376
 99 139 365
 99 140 472
 100 120 55
 100 122 70
 100 129 156
 100 132 164
 100 134 176
 100 138 364
 100 139 234
 100 140 310
 101 124 74
 101 130 126
 101 132 210
 101 134 262
 101 139 265
 101 140 312
 102 119 48
 102 122 79
 102 123 90
 102 126 113
 102 129 210
 102 132 155
 102 136 332
 102 139 328
 102 140 387
 103 122 62
 103 124 74
 103 128 108
 103 130 156
 103 132 222
 103 135 168
 103 138 224
 103 139 254
 103 140 351
 103 142 323
 103 148 593
 104 116 25
 104 118 82
 104 121 140
 104 123 95
 104 125 173
 104 127 131
 104 128 114
 104 129 239
 104 130 277
 104 131 272
 104 132 174
 104 133 327
 104 134 328
 104 136 205
 104 138 408
 104 139 243
 104 140 347
 104 142 406
 104 146 492
 104 148 442
 104 150 541
 105 142 267
 105 146 255
 105 148 367
 105 150 344
 106 130 62
 106 133 86
 106 134 135
 106 136 188
 106 138 187
 106 139 119
 106 142 311
 106 148 280
 106 150 454
 107 146 184
 107 148 287
 107 150 239
 108 116 50
 108 120 119
 108 121 86
 108 125 131
 108 126 178
 108 127 195
 108 129 174
 108 130 186
 108 132 291
 108 135 228
 108 136 302
 108 137 316
 108 138 261
 108 139 275
 108 140 445
 108 142 503
 108 146 453
 108 148 606
 108 150 442
 109 137 124
 109 138 170
 109 142 141
 109 143 194
 109 145 204
 109 146 244
 109 148 377
 109 150 419
 110 127 157
 110 129 131
 110 132 197
 110 137 339
 110 140 341
 110 142 413
 110 143 401
 110 145 489
 110 146 585
 110 148 593
 110 150 640
 111 133 138
 111 135 113
 111 140 192
 111 141 163
 111 142 233
 111 144 227
 111 146 315
 111 148 481
 111 150 378
 112 141 64
 112 144 107
 112 148 180
 113 143 88
 113 146 212
 114 136 78
 114 142 194
 114 144 247
 114 145 167
 114 146 193
 114 148 370
 115 142 14
 115 144 63
 115 146 138
 116 131 62
 116 133 93
 116 134 84
 116 135 114
 116 137 131
 116 140 163
 116 141 232
 116 142 146
 116 143 192
 116 144 334
 116 146 318
 116 147 287
 116 148 411
 116 150 276
 117 143 31
 117 148 151
 117 150 214
 118 144 33
 118 145 68
 119 130 76
 119 132 94
 119 133 139
 119 134 153
 119 136 131
 119 139 206
 119 141 235
 119 142 201
 119 143 323
 119 144 298
 119 146 368
 119 147 343
 119 148 428
 119 150 311
 120 150 84
 122 135 39
 122 136 49
 122 138 105
 122 142 142
 122 144 227
 122 146 258
 122 147 309
 122 148 283
 122 150 379
 123 146 149
 123 148 109
 124 141 42
 124 146 154
 124 147 167
 124 150 272
 125 145 77
 125 147 110
 125 150 225
 126 150 50
 127 142 106
 127 144 143
 127 145 210
 127 146 232
 127 147 223
 127 148 259
 127 149 220
 127 150 182
 128 147 65
 128 149 146
 129 142 97
 129 146 166
 129 147 150
 129 149 209
 129 150 291
 134 145 136
 134 146 227
 134 147 188
 134 148 262
 134 149 276
 136 147 57
 138 142 29
 138 148 172
 138 150 122
 139 150 62
