 250 480
 7 25
 11 153
 17 130
 18 221
 20 213
 31 202
 34 268
 35 244
 59 118
 83 218
 84 294
 92 115
 96 277
 98 133
 98 215
 108 185
 118 248
 133 260
 133 343
 134 175
 138 264
 144 166
 163 272
 168 244
 185 238
 187 364
 191 426
 195 215
 199 223
 201 281
 213 311
 213 373
 213 296
 232 410
 237 475
 242 307
 244 323
 246 304
 265 399
 289 432
 298 490
 302 400
 306 492
 314 379
 321 471
 324 546
 330 453
 333 352
 342 515
 347 426
 364 431
 380 526
 394 424
 399 561
 411 428
 416 488
 417 560
 440 495
 441 510
 448 681
 466 689
 469 499
 470 629
 471 515
 478 576
 484 514
 489 660
 497 541
 537 735
 538 554
 544 582
 544 776
 555 788
 559 603
 563 629
 565 652
 579 749
 580 775
 580 785
 585 812
 590 622
 595 627
 600 695
 601 783
 603 761
 605 733
 609 660
 610 639
 612 634
 618 818
 618 735
 619 815
 619 811
 620 694
 627 750
 635 790
 642 820
 643 677
 657 879
 662 781
 675 823
 676 836
 677 764
 677 862
 683 838
 685 779
 686 912
 689 919
 690 925
 690 715
 702 876
 702 722
 706 732
 708 825
 710 805
 716 953
 734 860
 742 874
 748 968
 753 907
 756 954
 757 904
 759 850
 761 858
 763 871
 764 791
 766 999
 776 919
 778 954
 780 911
 780 1014
 783 889
 790 874
 792 899
 795 974
 799 946
 799 878
 823 951
 835 1013
 838 908
 840 931
 841 961
 842 1000
 843 1080
 846 980
 861 1033
 877 908
 882 1009
 886 1085
 891 1025
 892 1045
 893 989
 895 1075
 897 969
 897 981
 914 1022
 918 1153
 921 972
 931 988
 952 1114
 956 1129
 981 1049
 985 1098
 1001 1232
 1001 1205
 1008 1220
 1015 1082
 1020 1086
 1039 1259
 1040 1223
 1045 1174
 1049 1233
 1052 1135
 1056 1234
 1078 1123
 1082 1122
 1083 1165
 1085 1190
 1090 1285
 1095 1310
 1098 1295
 1104 1323
 1105 1317
 1110 1336
 1113 1274
 1115 1326
 1116 1225
 1119 1162
 1122 1341
 1126 1330
 1130 1252
 1135 1191
 1136 1197
 1145 1303
 1149 1192
 1168 1213
 1169 1366
 1174 1248
 1176 1293
 1186 1393
 1203 1341
 1204 1244
 1204 1278
 1206 1383
 1211 1229
 1224 1250
 1225 1298
 1226 1436
 1229 1272
 1235 1345
 1243 1271
 1248 1332
 1262 1412
 1266 1312
 1280 1467
 1283 1342
 1283 1449
 1285 1456
 1287 1426
 1291 1313
 1301 1420
 1302 1370
 1304 1340
 1304 1330
 1307 1337
 1312 1440
 1317 1468
 1328 1478
 1330 1516
 1332 1411
 1334 1514
 1346 1423
 1352 1370
 1355 1390
 1357 1445
 1359 1435
 1364 1472
 1367 1416
 1367 1394
 1369 1557
 1376 1600
 1380 1526
 1395 1614
 1398 1614
 1409 1560
 1412 1491
 1417 1461
 1424 1641
 1427 1546
 1437 1547
 1 10 102
 1 13 114
 1 17 175
 1 18 132
 1 19 210
 1 21 169
 1 24 263
 1 26 236
 1 27 324
 1 28 197
 1 29 311
 1 31 236
 1 32 193
 1 34 383
 1 36 240
 1 37 245
 1 38 238
 1 39 417
 1 40 424
 1 42 334
 1 44 318
 1 45 553
 1 47 489
 1 48 328
 1 50 379
 1 51 567
 1 53 494
 1 55 664
 2 37 137
 2 40 204
 2 42 249
 2 44 235
 2 45 238
 2 48 358
 2 50 334
 2 51 214
 2 53 460
 2 55 382
 2 56 336
 3 28 83
 3 31 96
 3 33 163
 3 36 183
 3 37 118
 3 38 121
 3 40 226
 3 42 203
 3 45 300
 3 47 306
 3 48 371
 3 50 285
 3 53 303
 3 55 445
 3 56 330
 3 58 520
 4 41 112
 4 45 122
 4 48 224
 4 50 172
 4 55 363
 4 56 222
 4 58 327
 5 37 57
 5 39 65
 5 43 178
 5 45 121
 5 47 161
 5 48 181
 5 51 167
 5 55 318
 5 56 347
 5 58 271
 5 62 348
 6 40 143
 6 44 118
 6 45 155
 6 48 205
 6 51 263
 6 53 205
 6 55 223
 6 56 252
 6 58 246
 6 59 460
 6 62 304
 7 55 221
 7 58 268
 7 59 243
 7 62 220
 7 66 359
 8 43 107
 8 47 159
 8 49 170
 8 51 184
 8 55 299
 8 56 179
 8 58 326
 8 62 416
 8 64 436
 8 66 277
 9 26 129
 9 30 149
 9 35 167
 9 37 235
 9 39 177
 9 40 234
 9 41 229
 9 42 338
 9 43 201
 9 45 379
 9 47 372
 9 48 365
 9 49 430
 9 50 304
 9 51 437
 9 52 348
 9 53 366
 9 55 413
 9 56 311
 9 58 326
 9 59 553
 9 62 466
 9 64 646
 9 66 474
 10 35 23
 10 41 95
 10 42 145
 10 44 154
 10 47 156
 10 49 210
 10 53 219
 10 54 229
 10 55 339
 10 56 395
 10 57 382
 10 58 319
 10 59 325
 10 62 468
 10 64 315
 10 66 437
 10 68 549
 10 70 559
 11 47 70
 11 53 181
 11 56 227
 11 58 254
 11 59 158
 11 64 328
 11 66 224
 11 68 369
 11 70 426
 12 21 24
 12 24 100
 12 25 84
 12 26 100
 12 30 100
 12 32 117
 12 36 221
 12 38 171
 12 40 263
 12 41 322
 12 43 296
 12 44 266
 12 46 215
 12 47 271
 12 50 464
 12 51 267
 12 52 397
 12 53 298
 12 54 316
 12 55 504
 12 56 384
 12 57 517
 12 58 348
 12 59 506
 12 62 553
 12 64 485
 12 66 668
 12 68 590
 12 70 564
 13 41 22
 13 46 81
 13 47 63
 13 48 81
 13 51 150
 13 53 165
 13 55 167
 13 56 164
 13 57 158
 13 58 251
 13 59 188
 13 62 263
 13 64 214
 13 65 249
 13 68 255
 13 70 285
 14 27 105
 14 31 143
 14 34 126
 14 35 192
 14 37 211
 14 39 186
 14 41 213
 14 43 325
 14 46 296
 14 47 216
 14 48 250
 14 49 329
 14 50 415
 14 51 411
 14 52 487
 14 53 438
 14 54 413
 14 55 285
 14 56 485
 14 57 532
 14 58 343
 14 59 600
 14 62 538
 14 64 386
 14 65 429
 14 66 463
 14 68 520
 14 70 508
 15 36 36
 15 40 75
 15 42 105
 15 43 180
 15 46 120
 15 49 243
 15 50 216
 15 55 344
 15 56 345
 15 58 417
 15 59 291
 15 62 456
 15 64 512
 15 65 348
 15 66 347
 15 68 300
 15 70 539
 16 40 162
 16 41 163
 16 42 118
 16 43 131
 16 44 206
 16 45 138
 16 46 275
 16 47 225
 16 48 234
 16 50 280
 16 52 274
 16 53 322
 16 54 281
 16 55 316
 16 56 331
 16 57 380
 16 58 470
 16 59 268
 16 62 406
 16 64 442
 16 65 574
 16 66 497
 16 68 567
 16 70 450
 16 71 387
 17 48 148
 17 49 182
 17 52 229
 17 53 271
 17 54 267
 17 55 306
 17 56 263
 17 57 275
 17 58 226
 17 59 239
 17 62 232
 17 64 372
 17 65 354
 17 66 401
 17 68 373
 17 70 499
 17 71 340
 18 42 65
 18 45 90
 18 49 147
 18 52 146
 18 57 264
 18 58 349
 18 62 282
 18 64 402
 18 66 267
 18 68 250
 18 70 320
 18 71 472
 18 74 562
 19 54 112
 19 59 111
 19 65 220
 19 66 178
 19 70 261
 19 71 251
 19 74 232
 20 28 33
 20 33 50
 20 36 128
 20 39 150
 20 40 152
 20 43 166
 20 44 206
 20 45 237
 20 47 232
 20 48 249
 20 51 249
 20 52 233
 20 53 384
 20 54 388
 20 55 366
 20 56 461
 20 57 325
 20 58 272
 20 59 330
 20 62 557
 20 64 349
 20 65 384
 20 66 429
 20 68 600
 20 70 700
 20 71 518
 20 74 412
 21 48 120
 21 50 100
 21 52 138
 21 54 143
 21 55 150
 21 56 236
 21 62 221
 21 64 225
 21 65 252
 21 66 377
 21 68 348
 21 70 355
 21 71 435
 21 74 565
 22 28 53
 22 31 53
 22 33 68
 22 39 160
 22 40 231
 22 41 165
 22 42 204
 22 43 250
 22 46 262
 22 47 281
 22 48 181
 22 49 236
 22 50 281
 22 51 339
 22 52 239
 22 53 446
 22 54 359
 22 55 459
 22 56 475
 22 57 311
 22 58 292
 22 59 363
 22 62 382
 22 64 468
 22 65 505
 22 66 352
 22 68 457
 22 70 461
 22 71 444
 22 74 441
 22 81 665
 23 47 114
 23 49 92
 23 52 201
 23 53 147
 23 54 194
 23 55 159
 23 56 232
 23 57 246
 23 58 189
 23 59 280
 23 62 309
 23 63 219
 23 64 238
 23 68 351
 23 70 270
 23 71 456
 23 74 351
 23 75 581
 23 81 451
 23 82 364
 23 88 383
 23 89 665
 24 42 71
 24 49 169
 24 51 193
 24 52 190
 24 54 218
 24 55 291
 24 57 215
 24 58 255
 24 62 375
 24 63 263
 24 64 403
 24 65 395
 24 66 456
 24 68 293
 24 70 398
 24 71 326
 24 74 359
 24 75 557
 24 81 585
 24 82 402
 24 88 461
 24 89 611
 25 42 114
 25 44 101
 25 48 156
 25 49 204
 25 50 121
 25 51 194
 25 54 236
 25 55 212
 25 56 183
 25 57 268
 25 58 346
 25 59 375
 25 62 266
 25 63 328
 25 64 413
 25 65 286
 25 66 355
 25 67 367
 25 68 275
 25 70 325
 25 71 573
 25 74 548
 25 75 625
 25 76 615
 25 81 689
 25 82 548
 25 87 629
 25 88 483
 25 89 470
 26 56 82
 26 62 167
 26 63 138
 26 64 122
 26 66 192
 26 68 243
 26 70 319
 26 71 254
 26 74 279
 26 75 224
 26 81 320
 26 82 429
 26 87 369
 26 88 271
 26 89 262
 27 62 46
 27 63 68
 27 68 86
 27 70 193
 27 71 152
 27 75 140
 27 76 186
 27 81 219
 27 82 268
 27 87 228
 28 42 110
 28 44 110
 28 51 279
 28 52 189
 28 54 228
 28 55 222
 28 56 280
 28 58 394
 28 59 361
 28 62 383
 28 63 331
 28 64 320
 28 65 436
 28 66 480
 28 67 541
 28 68 331
 28 70 429
 28 71 377
 28 74 499
 28 75 667
 28 76 662
 28 81 684
 28 82 664
 28 87 782
 28 88 404
 28 89 738
 29 38 46
 29 42 147
 29 44 136
 29 45 108
 29 46 199
 29 47 150
 29 48 136
 29 49 229
 29 53 177
 29 54 220
 29 56 312
 29 58 344
 29 59 429
 29 62 302
 29 63 491
 29 64 411
 29 65 290
 29 66 331
 29 67 462
 29 68 434
 29 70 459
 29 71 493
 29 74 551
 29 75 598
 29 76 412
 29 81 382
 29 82 587
 29 87 598
 29 88 651
 29 89 534
 29 98 797
 30 51 128
 30 55 217
 30 56 168
 30 58 196
 30 59 282
 30 60 273
 30 64 364
 30 65 285
 30 66 212
 30 68 423
 30 70 362
 30 71 393
 30 74 413
 30 75 554
 30 76 330
 30 81 537
 30 82 315
 30 87 614
 30 88 538
 30 89 437
 30 98 403
 31 55 134
 31 56 142
 31 57 172
 31 60 147
 31 63 196
 31 64 176
 31 65 309
 31 66 289
 31 68 252
 31 71 406
 31 74 292
 31 75 405
 31 76 343
 31 81 443
 31 82 506
 31 87 332
 31 88 444
 31 89 511
 31 98 466
 32 53 32
 32 55 70
 32 57 52
 32 58 117
 32 61 151
 32 62 134
 32 63 117
 32 66 151
 32 68 241
 32 70 249
 32 71 294
 32 74 254
 32 75 224
 32 82 427
 32 87 353
 32 88 306
 32 89 363
 32 98 462
 33 45 45
 33 46 51
 33 50 78
 33 52 102
 33 53 179
 33 54 156
 33 56 226
 33 58 166
 33 61 180
 33 62 230
 33 63 202
 33 65 184
 33 66 351
 33 67 229
 33 68 343
 33 70 340
 33 71 334
 33 74 416
 33 75 453
 33 76 355
 33 81 300
 33 82 322
 33 87 541
 33 88 564
 33 89 378
 33 98 412
 34 59 60
 34 70 246
 34 71 142
 34 74 178
 34 76 239
 34 81 211
 34 83 366
 34 88 202
 34 89 245
 34 94 396
 34 98 261
 35 70 122
 35 71 76
 35 81 125
 35 83 140
 35 88 180
 35 94 247
 35 98 313
 35 110 331
 36 48 32
 36 52 138
 36 55 191
 36 56 189
 36 57 207
 36 59 156
 36 60 190
 36 61 166
 36 62 173
 36 63 237
 36 64 215
 36 65 184
 36 66 256
 36 70 380
 36 71 463
 36 74 279
 36 75 334
 36 76 280
 36 81 311
 36 82 458
 36 83 556
 36 87 466
 36 88 374
 36 89 567
 36 94 521
 36 98 571
 36 110 393
 36 112 732
 37 49 22
 37 54 136
 37 55 93
 37 56 182
 37 59 217
 37 60 190
 37 61 285
 37 63 284
 37 64 290
 37 66 208
 37 67 283
 37 68 296
 37 70 380
 37 71 398
 37 74 302
 37 75 399
 37 76 263
 37 81 372
 37 82 419
 37 83 487
 37 87 350
 37 88 396
 37 89 447
 37 94 533
 37 98 407
 37 110 454
 37 112 677
 38 51 79
 38 57 139
 38 64 302
 38 65 236
 38 66 352
 38 67 357
 38 68 378
 38 70 398
 38 71 260
 38 74 393
 38 75 352
 38 76 517
 38 81 412
 38 82 402
 38 83 479
 38 87 323
 38 88 605
 38 89 567
 38 94 539
 38 98 434
 38 110 401
 38 112 601
 39 60 56
 39 61 132
 39 62 106
 39 63 104
 39 65 104
 39 69 175
 39 71 157
 39 74 293
 39 75 208
 39 76 328
 39 82 317
 39 83 268
 39 86 228
 39 87 263
 39 88 359
 39 89 401
 39 91 223
 39 94 440
 39 98 486
 39 110 565
 39 112 428
 39 113 612
 40 66 86
 40 69 196
 40 70 156
 40 75 241
 40 76 203
 40 77 243
 40 81 287
 40 82 269
 40 83 304
 40 85 307
 40 87 196
 40 88 213
 40 89 201
 40 91 269
 40 94 241
 40 95 299
 40 98 274
 40 103 430
 40 110 448
 40 112 455
 40 113 526
 41 72 106
 41 76 137
 41 78 101
 41 81 169
 41 86 124
 41 94 197
 41 98 254
 41 103 207
 41 110 312
 41 113 335
 42 63 135
 42 66 139
 42 67 100
 42 68 99
 42 69 212
 42 70 258
 42 71 254
 42 72 209
 42 74 214
 42 77 349
 42 78 274
 42 81 236
 42 82 340
 42 83 324
 42 85 342
 42 86 345
 42 87 246
 42 88 235
 42 89 291
 42 94 273
 42 95 410
 42 98 469
 42 100 280
 42 103 417
 42 106 475
 42 110 501
 42 112 428
 42 113 421
 43 69 47
 43 75 142
 43 78 171
 43 85 186
 43 87 149
 43 89 186
 43 91 248
 43 103 269
 43 106 266
 43 110 265
 43 112 283
 43 113 364
 44 53 22
 44 62 126
 44 66 128
 44 67 209
 44 70 288
 44 73 320
 44 75 188
 44 77 274
 44 78 375
 44 79 264
 44 81 351
 44 82 377
 44 83 419
 44 84 416
 44 85 378
 44 86 366
 44 87 393
 44 88 418
 44 89 463
 44 91 435
 44 94 285
 44 95 405
 44 96 420
 44 98 518
 44 100 378
 44 103 322
 44 106 497
 44 110 439
 44 112 425
 44 113 335
 44 126 588
 45 70 81
 45 72 146
 45 75 184
 45 76 115
 45 78 209
 45 81 208
 45 82 224
 45 84 234
 45 86 160
 45 87 243
 45 88 261
 45 94 196
 45 95 167
 45 96 259
 45 98 261
 45 100 278
 45 103 209
 45 110 269
 45 112 359
 45 113 261
 45 126 378
 46 82 90
 46 86 69
 46 89 106
 46 91 140
 46 96 121
 46 100 204
 46 106 169
 46 112 174
 46 113 198
 46 126 288
 47 65 27
 47 69 166
 47 71 147
 47 76 133
 47 79 177
 47 84 168
 47 86 173
 47 87 296
 47 88 188
 47 89 239
 47 95 288
 47 98 252
 47 100 343
 47 103 439
 47 106 416
 47 110 335
 47 112 463
 47 113 358
 47 115 436
 47 126 339
 48 52 50
 48 58 160
 48 62 131
 48 63 186
 48 65 212
 48 66 247
 48 68 218
 48 69 318
 48 70 209
 48 71 215
 48 72 300
 48 73 378
 48 74 369
 48 75 212
 48 76 379
 48 77 349
 48 78 323
 48 79 382
 48 80 415
 48 81 242
 48 82 436
 48 83 442
 48 84 387
 48 85 480
 48 86 427
 48 87 431
 48 88 415
 48 89 296
 48 91 405
 48 93 426
 48 94 423
 48 95 501
 48 96 409
 48 98 521
 48 100 396
 48 103 370
 48 106 609
 48 110 537
 48 112 410
 48 113 388
 48 115 447
 48 126 572
 49 79 87
 49 81 102
 49 85 169
 49 87 132
 49 88 102
 49 90 192
 49 92 132
 49 94 165
 49 98 203
 49 103 206
 49 106 280
 49 110 271
 49 115 239
 49 126 430
 50 63 75
 50 68 91
 50 70 167
 50 74 187
 50 76 253
 50 77 231
 50 80 197
 50 81 320
 50 82 186
 50 83 256
 50 84 264
 50 85 332
 50 86 272
 50 88 222
 50 89 368
 50 91 266
 50 92 276
 50 93 330
 50 94 273
 50 95 353
 50 96 333
 50 97 362
 50 98 420
 50 100 388
 50 101 417
 50 103 260
 50 106 448
 50 110 519
 50 112 537
 50 113 327
 50 114 445
 50 115 549
 50 126 387
 51 62 72
 51 63 54
 51 64 74
 51 66 64
 51 72 153
 51 75 244
 51 77 192
 51 78 212
 51 79 197
 51 81 189
 51 82 234
 51 83 225
 51 85 226
 51 86 244
 51 87 291
 51 88 245
 51 89 260
 51 91 325
 51 92 231
 51 93 320
 51 94 271
 51 95 240
 51 97 292
 51 98 218
 51 100 375
 51 101 390
 51 102 299
 51 103 326
 51 105 281
 51 106 389
 51 110 402
 51 112 477
 51 113 438
 51 114 422
 51 115 371
 51 126 348
 52 73 38
 52 74 66
 52 80 92
 52 81 120
 52 82 75
 52 87 99
 52 89 123
 52 93 179
 52 96 175
 52 97 172
 52 98 195
 52 100 212
 52 101 152
 52 103 207
 52 105 257
 52 110 288
 52 113 355
 52 114 222
 52 117 278
 52 123 247
 52 124 260
 52 126 372
 53 63 86
 53 73 195
 53 77 244
 53 78 253
 53 80 316
 53 81 264
 53 82 309
 53 85 198
 53 86 269
 53 87 312
 53 89 326
 53 90 254
 53 92 352
 53 93 300
 53 94 369
 53 96 292
 53 97 418
 53 98 285
 53 100 354
 53 101 325
 53 102 386
 53 103 438
 53 104 336
 53 105 318
 53 106 357
 53 110 511
 53 112 521
 53 113 423
 53 114 495
 53 115 418
 53 117 410
 53 118 319
 53 123 398
 53 124 498
 53 125 617
 53 126 440
 53 133 703
 54 86 88
 54 87 53
 54 89 53
 54 93 85
 54 97 153
 54 98 138
 54 100 166
 54 111 276
 54 113 285
 54 118 289
 54 123 332
 54 124 238
 54 125 390
 54 126 281
 54 133 332
 54 137 345
 55 65 63
 55 68 82
 55 69 136
 55 70 134
 55 75 180
 55 76 142
 55 78 170
 55 80 217
 55 81 173
 55 82 293
 55 83 327
 55 84 302
 55 85 304
 55 88 256
 55 89 336
 55 90 267
 55 91 334
 55 92 224
 55 93 298
 55 94 218
 55 95 293
 55 96 228
 55 97 283
 55 98 305
 55 99 320
 55 100 459
 55 101 325
 55 102 450
 55 103 309
 55 104 319
 55 105 340
 55 106 399
 55 110 323
 55 111 317
 55 112 276
 55 113 295
 55 114 519
 55 115 564
 55 117 453
 55 118 449
 55 123 649
 55 124 402
 55 125 503
 55 126 612
 55 132 488
 55 133 658
 55 137 738
 56 72 63
 56 78 163
 56 79 104
 56 80 144
 56 81 131
 56 82 214
 56 84 219
 56 86 218
 56 87 151
 56 91 146
 56 95 270
 56 96 170
 56 97 267
 56 98 310
 56 99 196
 56 100 335
 56 101 294
 56 102 270
 56 103 249
 56 105 197
 56 106 386
 56 110 238
 56 111 274
 56 112 244
 56 113 231
 56 114 374
 56 115 324
 56 117 360
 56 118 343
 56 123 327
 56 124 381
 56 125 517
 56 126 302
 56 132 468
 56 133 330
 56 137 558
 57 91 85
 57 93 118
 57 98 106
 57 101 185
 57 111 279
 57 112 281
 57 113 165
 57 114 219
 57 115 260
 57 118 225
 57 123 297
 57 124 370
 57 125 216
 57 126 221
 57 132 392
 57 133 325
 57 137 302
 58 69 72
 58 71 74
 58 75 127
 58 76 122
 58 83 136
 58 85 113
 58 87 136
 58 89 129
 58 92 223
 58 93 176
 58 95 138
 58 98 205
 58 99 280
 58 100 264
 58 102 333
 58 103 249
 58 105 331
 58 106 315
 58 107 375
 58 110 356
 58 111 318
 58 112 336
 58 113 215
 58 114 269
 58 115 262
 58 117 393
 58 118 423
 58 120 325
 58 122 351
 58 123 295
 58 124 397
 58 125 522
 58 126 515
 58 128 347
 58 130 393
 58 132 401
 58 133 425
 58 134 335
 58 137 350
 58 140 609
 58 147 562
 59 71 59
 59 83 176
 59 84 151
 59 86 97
 59 87 109
 59 89 200
 59 92 139
 59 93 196
 59 94 127
 59 95 177
 59 96 242
 59 97 171
 59 98 145
 59 100 276
 59 101 296
 59 102 278
 59 104 190
 59 105 217
 59 106 338
 59 107 269
 59 108 280
 59 111 342
 59 112 304
 59 114 272
 59 115 327
 59 117 285
 59 118 280
 59 120 357
 59 122 269
 59 123 414
 59 124 365
 59 125 302
 59 126 411
 59 128 301
 59 130 325
 59 132 317
 59 133 410
 59 134 548
 59 137 547
 59 140 487
 59 147 724
 60 112 26
 60 115 38
 60 122 94
 60 126 131
 60 130 162
 60 137 195
 60 140 263
 61 123 133
 61 125 112
 61 134 111
 61 140 160
 61 141 238
 61 147 202
 62 76 75
 62 80 133
 62 81 154
 62 82 109
 62 87 131
 62 89 223
 62 90 194
 62 95 191
 62 96 257
 62 98 262
 62 99 225
 62 101 231
 62 102 295
 62 103 191
 62 104 259
 62 105 330
 62 106 224
 62 107 223
 62 108 368
 62 109 279
 62 110 378
 62 111 274
 62 112 405
 62 113 320
 62 114 301
 62 115 405
 62 117 457
 62 118 456
 62 120 438
 62 122 490
 62 123 267
 62 124 287
 62 125 316
 62 126 322
 62 128 509
 62 130 438
 62 132 349
 62 133 497
 62 134 560
 62 136 579
 62 137 338
 62 140 617
 62 141 517
 62 147 540
 63 109 75
 63 112 104
 63 114 157
 63 115 113
 63 117 111
 63 123 244
 63 125 200
 63 128 215
 63 134 302
 63 140 351
 63 141 251
 63 147 295
 64 72 51
 64 77 96
 64 81 139
 64 85 95
 64 88 120
 64 89 181
 64 90 180
 64 91 129
 64 92 141
 64 97 216
 64 99 238
 64 102 207
 64 103 184
 64 104 323
 64 105 334
 64 107 251
 64 109 262
 64 111 286
 64 112 359
 64 113 350
 64 114 298
 64 115 387
 64 117 426
 64 118 300
 64 120 352
 64 122 447
 64 123 374
 64 124 433
 64 125 249
 64 126 369
 64 128 434
 64 130 524
 64 132 420
 64 133 489
 64 134 373
 64 136 285
 64 137 285
 64 138 414
 64 140 509
 64 141 557
 64 147 628
 65 81 27
 65 87 35
 65 94 66
 65 103 174
 65 104 102
 65 107 182
 65 108 172
 65 109 214
 65 111 163
 65 112 222
 65 114 173
 65 116 262
 65 117 269
 65 118 214
 65 122 200
 65 123 232
 65 125 288
 65 126 267
 65 128 252
 65 129 404
 65 130 340
 65 132 244
 65 133 266
 65 134 301
 65 136 361
 65 137 440
 65 138 411
 65 140 282
 65 141 472
 65 147 387
 66 69 24
 66 74 84
 66 76 58
 66 78 125
 66 82 119
 66 85 136
 66 92 160
 66 93 145
 66 95 159
 66 102 256
 66 104 181
 66 105 209
 66 106 216
 66 107 280
 66 108 200
 66 110 180
 66 111 232
 66 113 251
 66 114 218
 66 115 300
 66 116 284
 66 117 258
 66 118 351
 66 120 314
 66 121 411
 66 122 351
 66 123 412
 66 124 425
 66 125 347
 66 126 300
 66 128 383
 66 129 346
 66 130 435
 66 132 415
 66 133 340
 66 134 293
 66 136 529
 66 137 493
 66 138 365
 66 140 617
 66 141 455
 66 142 558
 66 147 621
 67 103 27
 67 109 48
 67 112 69
 67 116 94
 67 120 104
 67 121 158
 67 125 206
 67 129 179
 67 130 170
 67 132 221
 67 134 253
 67 137 141
 67 138 255
 67 140 253
 67 142 328
 67 147 380
 67 154 353
 68 85 84
 68 87 110
 68 90 91
 68 92 115
 68 93 81
 68 94 149
 68 98 151
 68 99 198
 68 100 228
 68 101 149
 68 102 138
 68 103 227
 68 104 201
 68 109 231
 68 112 261
 68 113 225
 68 114 286
 68 115 208
 68 116 196
 68 117 242
 68 118 346
 68 119 372
 68 120 294
 68 121 271
 68 122 267
 68 123 407
 68 124 386
 68 125 360
 68 126 352
 68 128 267
 68 129 357
 68 130 403
 68 132 244
 68 133 436
 68 134 322
 68 135 477
 68 136 438
 68 137 416
 68 138 311
 68 140 553
 68 141 407
 68 142 570
 68 147 376
 68 154 680
 68 158 609
 69 121 31
 69 125 33
 69 133 94
 69 138 93
 69 139 119
 69 142 173
 69 145 221
 69 148 164
 69 152 214
 69 154 268
 69 159 342
 70 86 64
 70 89 96
 70 92 94
 70 104 190
 70 105 157
 70 107 226
 70 109 245
 70 111 211
 70 113 157
 70 114 216
 70 115 267
 70 116 294
 70 117 191
 70 118 213
 70 119 321
 70 120 237
 70 121 224
 70 122 339
 70 123 257
 70 124 291
 70 125 217
 70 126 329
 70 127 306
 70 128 288
 70 130 430
 70 131 387
 70 132 309
 70 133 286
 70 134 441
 70 135 416
 70 136 350
 70 137 384
 70 138 405
 70 139 370
 70 140 504
 70 141 396
 70 142 303
 70 143 305
 70 145 388
 70 147 639
 70 148 539
 70 152 584
 70 154 522
 70 155 652
 70 158 407
 70 159 727
 71 93 38
 71 97 75
 71 98 81
 71 101 94
 71 102 151
 71 103 137
 71 110 152
 71 111 125
 71 112 227
 71 113 242
 71 115 205
 71 116 208
 71 117 281
 71 118 235
 71 119 173
 71 120 275
 71 122 233
 71 123 274
 71 125 283
 71 126 336
 71 128 307
 71 129 367
 71 130 383
 71 131 200
 71 132 244
 71 133 394
 71 134 259
 71 135 407
 71 136 352
 71 137 343
 71 138 345
 71 139 418
 71 140 406
 71 141 269
 71 142 334
 71 143 381
 71 145 310
 71 147 445
 71 148 512
 71 152 474
 71 154 367
 71 155 486
 71 156 415
 71 158 363
 71 159 387
 72 145 127
 72 154 175
 72 156 202
 72 158 288
 72 159 162
 73 140 78
 73 141 89
 73 145 68
 73 147 175
 73 150 111
 73 156 243
 73 158 192
 73 159 158
 74 104 118
 74 108 160
 74 110 165
 74 114 158
 74 117 197
 74 118 192
 74 119 182
 74 121 285
 74 122 268
 74 125 165
 74 126 288
 74 127 256
 74 129 348
 74 131 275
 74 132 359
 74 133 249
 74 134 302
 74 135 279
 74 136 247
 74 137 317
 74 138 240
 74 139 340
 74 140 358
 74 141 283
 74 142 334
 74 143 448
 74 145 267
 74 146 390
 74 147 292
 74 148 497
 74 150 338
 74 152 573
 74 154 510
 74 155 466
 74 156 604
 74 158 508
 74 159 429
 75 102 69
 75 105 67
 75 107 107
 75 109 101
 75 119 225
 75 120 199
 75 122 208
 75 123 205
 75 127 139
 75 128 171
 75 129 157
 75 130 290
 75 131 265
 75 134 304
 75 135 253
 75 136 198
 75 138 245
 75 139 294
 75 140 390
 75 141 375
 75 142 304
 75 143 272
 75 145 353
 75 146 298
 75 147 453
 75 148 490
 75 150 484
 75 152 266
 75 154 525
 75 155 447
 75 156 361
 75 158 431
 75 159 349
 76 107 38
 76 117 151
 76 118 113
 76 121 159
 76 122 192
 76 125 216
 76 127 192
 76 128 176
 76 129 225
 76 131 173
 76 132 200
 76 136 280
 76 137 167
 76 138 322
 76 142 312
 76 143 257
 76 146 267
 76 147 235
 76 148 432
 76 150 338
 76 151 247
 76 152 426
 76 154 373
 76 155 421
 76 156 278
 76 158 507
 76 159 285
 77 130 60
 77 133 74
 77 143 180
 77 147 252
 77 150 179
 77 154 156
 77 155 253
 77 156 223
 77 159 198
 77 162 256
 78 134 21
 78 136 45
 78 141 91
 78 143 72
 78 145 75
 78 148 200
 78 151 191
 78 152 152
 78 154 243
 78 156 230
 78 158 211
 78 159 247
 78 162 405
 79 140 101
 79 142 85
 79 151 167
 79 162 351
 80 139 37
 80 143 34
 80 145 61
 80 150 129
 80 152 157
 80 156 112
 80 159 203
 80 162 305
 81 96 24
 81 102 65
 81 103 76
 81 107 70
 81 117 195
 81 118 174
 81 124 172
 81 125 252
 81 126 156
 81 128 282
 81 129 272
 81 132 222
 81 133 236
 81 136 337
 81 137 194
 81 138 262
 81 139 404
 81 140 330
 81 141 368
 81 142 393
 81 143 358
 81 146 348
 81 147 284
 81 148 520
 81 150 469
 81 151 471
 81 152 397
 81 154 338
 81 155 296
 81 156 354
 81 158 383
 81 159 561
 81 162 433
 82 102 74
 82 105 78
 82 109 114
 82 112 135
 82 119 182
 82 120 221
 82 121 178
 82 122 180
 82 124 266
 82 128 237
 82 129 184
 82 130 230
 82 132 176
 82 133 238
 82 134 236
 82 135 184
 82 136 280
 82 138 318
 82 139 216
 82 141 301
 82 143 364
 82 145 302
 82 146 289
 82 147 322
 82 148 380
 82 150 526
 82 151 409
 82 152 422
 82 153 349
 82 154 290
 82 155 273
 82 156 556
 82 158 464
 82 159 504
 82 162 389
 83 117 48
 83 118 86
 83 122 71
 83 125 114
 83 128 158
 83 130 118
 83 133 167
 83 134 138
 83 137 199
 83 138 230
 83 139 175
 83 140 227
 83 141 271
 83 144 245
 83 145 278
 83 146 239
 83 147 240
 83 150 325
 83 151 302
 83 152 280
 83 153 258
 83 154 365
 83 155 237
 83 156 365
 83 159 391
 83 162 507
 84 141 66
 84 142 67
 84 145 99
 84 151 146
 84 153 133
 84 154 143
 84 158 188
 84 159 178
 84 162 283
 85 132 34
 85 143 145
 85 146 144
 85 147 133
 85 151 207
 85 153 222
 85 154 191
 85 155 272
 85 156 180
 85 158 320
 85 159 259
 85 162 370
 85 167 460
 86 125 40
 86 132 51
 86 136 71
 86 138 112
 86 140 207
 86 143 199
 86 146 201
 86 148 248
 86 149 158
 86 150 192
 86 151 276
 86 153 291
 86 154 295
 86 155 167
 86 156 220
 86 158 250
 86 159 319
 86 162 473
 86 167 314
 87 106 42
 87 111 76
 87 115 56
 87 117 109
 87 119 138
 87 120 110
 87 123 120
 87 124 163
 87 127 157
 87 128 190
 87 130 162
 87 131 207
 87 132 211
 87 133 254
 87 134 188
 87 139 312
 87 140 205
 87 141 240
 87 142 236
 87 143 185
 87 144 259
 87 145 216
 87 146 367
 87 147 261
 87 148 317
 87 149 248
 87 150 449
 87 151 249
 87 152 322
 87 153 259
 87 154 416
 87 155 447
 87 156 458
 87 158 271
 87 159 368
 87 162 632
 87 167 550
 87 168 553
 88 101 56
 88 103 62
 88 106 61
 88 107 57
 88 109 54
 88 110 89
 88 112 94
 88 114 81
 88 119 161
 88 122 226
 88 124 183
 88 125 144
 88 128 211
 88 129 250
 88 130 272
 88 132 256
 88 133 160
 88 135 194
 88 136 191
 88 138 361
 88 139 267
 88 140 205
 88 141 368
 88 142 233
 88 143 246
 88 144 404
 88 145 272
 88 146 300
 88 147 456
 88 148 480
 88 149 378
 88 150 306
 88 151 375
 88 152 421
 88 153 455
 88 154 419
 88 155 490
 88 156 493
 88 158 413
 88 159 481
 88 162 494
 88 167 498
 88 168 489
 89 101 44
 89 107 68
 89 111 120
 89 112 108
 89 114 86
 89 116 140
 89 120 123
 89 121 171
 89 122 153
 89 123 203
 89 125 188
 89 127 191
 89 128 232
 89 129 218
 89 130 221
 89 131 171
 89 132 176
 89 133 197
 89 134 293
 89 135 164
 89 138 356
 89 139 243
 89 140 246
 89 142 215
 89 143 279
 89 144 372
 89 145 251
 89 146 298
 89 147 347
 89 148 307
 89 149 459
 89 150 459
 89 151 328
 89 152 314
 89 153 314
 89 154 467
 89 155 327
 89 156 354
 89 158 443
 89 159 490
 89 162 576
 89 167 463
 89 168 677
 90 153 81
 90 162 295
 90 163 178
 90 167 208
 90 168 300
 91 129 66
 91 134 86
 91 137 104
 91 140 109
 91 142 189
 91 143 179
 91 144 185
 91 145 196
 91 146 209
 91 147 219
 91 149 173
 91 150 309
 91 152 178
 91 156 327
 91 158 251
 91 159 289
 91 162 324
 91 163 439
 91 167 357
 91 168 493
 92 146 81
 92 150 95
 92 155 144
 92 156 161
 92 158 160
 92 162 321
 92 163 294
 92 167 375
 93 143 53
 93 146 74
 93 151 139
 93 154 126
 93 155 116
 93 162 268
 93 163 266
 93 167 351
 93 168 342
 94 114 18
 94 121 74
 94 122 90
 94 123 91
 94 126 138
 94 130 113
 94 132 135
 94 133 143
 94 140 190
 94 141 196
 94 144 193
 94 145 252
 94 147 322
 94 148 199
 94 149 342
 94 150 302
 94 151 350
 94 152 360
 94 153 267
 94 154 292
 94 155 305
 94 156 428
 94 158 228
 94 159 254
 94 162 467
 94 163 452
 94 167 481
 94 168 512
 95 127 19
 95 134 78
 95 135 73
 95 138 130
 95 142 131
 95 144 175
 95 145 136
 95 149 218
 95 152 156
 95 156 207
 95 158 215
 95 159 281
 95 162 392
 95 163 454
 95 167 377
 95 168 535
 96 135 6
 96 140 75
 96 144 85
 96 146 124
 96 148 125
 96 150 109
 96 151 141
 96 158 151
 96 160 232
 96 163 270
 96 167 268
 96 168 255
 97 146 69
 97 150 124
 97 155 120
 97 156 114
 97 158 113
 97 160 140
 97 162 245
 97 163 312
 97 168 341
 97 176 482
 98 119 89
 98 120 88
 98 121 108
 98 125 162
 98 128 114
 98 130 112
 98 132 134
 98 138 248
 98 140 173
 98 141 172
 98 142 235
 98 143 271
 98 144 226
 98 145 324
 98 146 334
 98 148 236
 98 149 346
 98 150 423
 98 151 250
 98 152 225
 98 153 230
 98 154 401
 98 155 359
 98 156 260
 98 158 415
 98 159 364
 98 160 440
 98 162 417
 98 163 521
 98 167 518
 98 168 454
 98 175 586
 98 176 443
 99 149 12
 99 159 75
 99 162 103
 99 168 212
 99 175 312
 99 176 289
 100 141 113
 100 143 72
 100 146 95
 100 148 175
 100 150 116
 100 152 142
 100 156 181
 100 158 151
 100 160 224
 100 163 335
 100 167 323
 100 168 360
 100 173 454
 100 175 332
 100 176 575
 101 148 84
 101 149 89
 101 150 89
 101 151 114
 101 155 140
 101 156 164
 101 157 97
 101 161 261
 101 162 292
 101 163 247
 101 167 352
 101 168 305
 101 173 295
 101 175 503
 101 176 495
 102 153 97
 102 156 142
 102 162 244
 102 168 236
 102 173 375
 102 175 470
 102 176 256
 103 129 19
 103 132 35
 103 135 44
 103 137 54
 103 138 68
 103 142 138
 103 143 126
 103 144 120
 103 148 134
 103 149 164
 103 151 162
 103 152 231
 103 153 132
 103 154 164
 103 155 163
 103 156 178
 103 159 306
 103 160 341
 103 161 239
 103 162 310
 103 163 440
 103 167 477
 103 168 276
 103 173 362
 103 175 328
 103 176 424
 104 161 137
 104 162 186
 104 163 180
 104 167 295
 104 173 335
 104 175 282
 105 148 73
 105 152 110
 105 161 144
 105 167 210
 105 168 199
 105 173 317
 105 175 373
 105 176 432
 105 188 318
 106 143 82
 106 144 102
 106 145 127
 106 148 166
 106 149 145
 106 151 180
 106 152 153
 106 154 145
 106 155 213
 106 158 196
 106 159 296
 106 160 268
 106 161 270
 106 163 347
 106 167 363
 106 168 402
 106 173 479
 106 175 419
 106 176 584
 106 177 522
 106 188 469
 107 159 35
 107 173 224
 107 176 192
 107 177 302
 107 188 220
 108 162 80
 108 167 177
 108 168 200
 108 176 207
 108 177 207
 108 188 348
 109 160 46
 109 173 243
 109 175 296
 109 177 235
 109 188 229
 110 124 85
 110 125 61
 110 128 110
 110 129 102
 110 132 122
 110 134 106
 110 139 190
 110 144 154
 110 145 246
 110 146 148
 110 147 176
 110 148 234
 110 149 336
 110 151 343
 110 152 299
 110 153 252
 110 155 203
 110 156 226
 110 157 340
 110 158 296
 110 159 281
 110 160 295
 110 161 457
 110 162 452
 110 163 304
 110 167 449
 110 168 423
 110 173 525
 110 175 504
 110 176 470
 110 177 379
 110 188 778
 111 152 29
 111 153 26
 111 161 98
 111 167 185
 111 168 207
 111 171 268
 111 175 404
 111 176 398
 111 177 314
 111 188 323
 112 119 40
 112 122 36
 112 135 79
 112 137 114
 112 138 111
 112 141 122
 112 143 141
 112 145 142
 112 148 293
 112 149 297
 112 150 275
 112 151 246
 112 152 178
 112 153 333
 112 154 177
 112 157 336
 112 159 230
 112 160 433
 112 161 395
 112 162 365
 112 163 504
 112 167 572
 112 168 378
 112 171 442
 112 173 402
 112 175 602
 112 176 622
 112 177 426
 112 188 615
 113 122 40
 113 126 40
 113 129 53
 113 131 72
 113 137 93
 113 140 189
 113 142 140
 113 143 127
 113 146 218
 113 147 217
 113 150 285
 113 151 200
 113 152 318
 113 154 329
 113 155 265
 113 156 240
 113 157 372
 113 158 241
 113 159 264
 113 160 297
 113 161 230
 113 162 274
 113 163 350
 113 167 475
 113 168 332
 113 171 361
 113 173 364
 113 175 606
 113 176 420
 113 177 383
 113 188 461
 114 152 130
 114 153 127
 114 154 94
 114 155 134
 114 157 126
 114 158 191
 114 159 212
 114 161 172
 114 167 369
 114 173 430
 114 175 311
 114 176 396
 114 177 335
 114 188 350
 115 147 108
 115 148 120
 115 149 137
 115 150 170
 115 151 119
 115 155 174
 115 159 169
 115 162 249
 115 167 216
 115 168 386
 115 171 260
 115 173 256
 115 175 336
 115 176 520
 115 177 350
 115 178 437
 115 188 382
 116 173 138
 116 175 130
 116 178 145
 116 188 183
 116 192 221
 116 195 209
 117 150 43
 117 152 65
 117 159 77
 117 160 152
 117 171 214
 117 173 380
 117 175 400
 117 176 437
 117 177 355
 117 178 412
 117 188 441
 117 192 471
 117 193 283
 117 195 323
 117 196 446
 118 152 34
 118 155 36
 118 157 81
 118 158 56
 118 162 149
 118 166 247
 118 168 191
 118 171 202
 118 173 326
 118 176 291
 118 177 367
 118 178 292
 118 188 358
 118 192 501
 118 193 478
 118 195 535
 118 196 560
 119 167 57
 119 171 99
 119 175 218
 119 187 232
 119 193 197
 119 195 231
 119 196 273
 120 161 95
 120 162 78
 120 175 331
 120 176 238
 120 177 220
 120 187 358
 120 188 418
 120 192 432
 120 193 353
 120 195 403
 120 196 448
 120 205 399
 121 166 99
 121 171 115
 121 172 127
 121 174 108
 121 175 209
 121 178 143
 121 187 167
 121 188 316
 121 192 239
 121 193 245
 121 195 317
 121 205 477
 122 159 52
 122 161 54
 122 164 133
 122 166 143
 122 168 129
 122 171 242
 122 172 193
 122 173 195
 122 174 165
 122 175 286
 122 176 321
 122 178 257
 122 187 375
 122 188 381
 122 192 417
 122 195 360
 122 196 413
 122 205 520
 123 149 37
 123 153 85
 123 157 71
 123 163 248
 123 164 201
 123 165 233
 123 166 259
 123 167 226
 123 168 188
 123 170 350
 123 171 220
 123 173 270
 123 174 263
 123 175 258
 123 176 459
 123 177 413
 123 178 346
 123 187 499
 123 188 437
 123 192 449
 123 193 469
 123 195 551
 123 196 407
 123 205 398
 124 159 129
 124 160 115
 124 161 144
 124 163 152
 124 166 258
 124 170 237
 124 171 343
 124 172 365
 124 173 310
 124 174 298
 124 175 345
 124 176 264
 124 177 443
 124 178 228
 124 187 432
 124 188 426
 124 192 374
 124 193 323
 124 195 375
 124 196 568
 124 205 451
 125 151 37
 125 160 125
 125 166 267
 125 167 226
 125 170 207
 125 173 254
 125 174 348
 125 175 287
 125 176 349
 125 177 214
 125 178 348
 125 187 335
 125 188 428
 125 192 520
 125 193 436
 125 195 552
 125 196 467
 125 205 486
 126 138 39
 126 141 97
 126 153 207
 126 154 161
 126 157 180
 126 159 163
 126 160 286
 126 164 374
 126 165 360
 126 166 305
 126 168 364
 126 170 286
 126 171 362
 126 172 434
 126 173 340
 126 174 300
 126 175 343
 126 176 437
 126 177 370
 126 178 428
 126 187 526
 126 188 574
 126 192 449
 126 193 405
 126 195 641
 126 196 401
 126 202 729
 126 205 489
 127 165 4
 127 172 64
 127 173 94
 127 174 63
 127 176 115
 127 178 148
 127 187 192
 127 193 251
 127 196 178
 127 202 355
 127 205 363
 128 162 81
 128 163 126
 128 167 138
 128 172 172
 128 173 143
 128 174 260
 128 177 301
 128 188 266
 128 191 270
 128 192 424
 128 193 319
 128 195 258
 128 196 308
 128 198 401
 128 202 486
 128 205 369
 128 206 313
 129 162 45
 129 165 49
 129 166 91
 129 167 74
 129 175 175
 129 178 218
 129 191 187
 129 192 280
 129 193 265
 129 195 250
 129 196 265
 129 198 384
 129 202 351
 129 205 402
 129 206 439
 130 164 100
 130 166 174
 130 168 206
 130 170 201
 130 171 141
 130 173 159
 130 174 168
 130 176 232
 130 178 328
 130 187 333
 130 188 354
 130 191 262
 130 192 329
 130 193 276
 130 195 423
 130 196 402
 130 198 380
 130 202 535
 130 205 557
 130 206 593
 131 172 41
 131 195 198
 131 196 163
 131 202 305
 131 205 387
 131 206 337
 132 159 80
 132 163 120
 132 164 179
 132 166 159
 132 167 213
 132 169 200
 132 171 265
 132 172 199
 132 173 172
 132 175 374
 132 178 242
 132 187 329
 132 188 318
 132 191 443
 132 192 341
 132 193 462
 132 195 396
 132 196 288
 132 198 550
 132 202 514
 132 205 537
 132 206 630
 133 162 113
 133 163 120
 133 164 164
 133 165 217
 133 167 211
 133 169 267
 133 170 226
 133 172 304
 133 173 278
 133 174 307
 133 175 301
 133 176 311
 133 178 344
 133 187 350
 133 188 292
 133 191 330
 133 192 394
 133 193 326
 133 195 330
 133 196 502
 133 198 577
 133 202 439
 133 205 583
 133 206 534
 134 158 28
 134 160 90
 134 162 140
 134 168 153
 134 169 222
 134 170 279
 134 171 291
 134 173 297
 134 174 272
 134 175 204
 134 176 361
 134 177 336
 134 178 306
 134 187 352
 134 188 375
 134 191 360
 134 192 256
 134 193 448
 134 195 460
 134 196 411
 134 198 469
 134 202 408
 134 205 416
 134 206 530
 134 209 421
 134 211 575
 135 166 37
 135 170 77
 135 172 78
 135 177 195
 135 185 214
 135 187 270
 135 191 198
 135 195 229
 135 198 307
 135 202 415
 135 205 252
 135 206 395
 135 209 281
 135 211 472
 136 162 51
 136 164 65
 136 169 162
 136 171 131
 136 174 216
 136 176 143
 136 178 200
 136 185 291
 136 187 194
 136 191 246
 136 193 331
 136 195 221
 136 196 305
 136 198 356
 136 202 370
 136 203 301
 136 205 512
 136 206 502
 136 209 327
 136 211 417
 137 148 6
 137 160 132
 137 162 170
 137 165 137
 137 166 133
 137 168 175
 137 170 171
 137 171 286
 137 172 236
 137 174 227
 137 175 267
 137 176 359
 137 177 271
 137 178 240
 137 185 453
 137 187 318
 137 188 363
 137 191 337
 137 192 314
 137 193 491
 137 195 339
 137 196 562
 137 198 429
 137 202 501
 137 203 633
 137 205 353
 137 206 352
 137 209 484
 137 211 468
 138 169 97
 138 170 137
 138 172 130
 138 173 132
 138 174 204
 138 177 191
 138 178 184
 138 179 275
 138 181 232
 138 187 253
 138 188 261
 138 191 237
 138 192 320
 138 193 242
 138 195 339
 138 196 231
 138 198 305
 138 199 360
 138 202 399
 138 203 501
 138 205 310
 138 206 452
 138 207 513
 138 209 498
 138 211 451
 139 171 47
 139 177 109
 139 185 133
 139 188 139
 139 195 242
 139 199 250
 139 202 265
 139 203 349
 139 205 315
 139 206 260
 139 207 275
 139 209 391
 139 211 444
 139 214 480
 139 220 333
 140 160 61
 140 161 83
 140 163 140
 140 166 185
 140 168 160
 140 169 253
 140 170 133
 140 171 187
 140 176 189
 140 178 335
 140 179 198
 140 181 373
 140 185 367
 140 187 217
 140 188 418
 140 191 337
 140 192 336
 140 193 273
 140 194 381
 140 195 320
 140 196 432
 140 198 371
 140 199 432
 140 202 343
 140 203 400
 140 205 345
 140 206 407
 140 207 548
 140 209 555
 140 211 582
 140 214 469
 140 220 766
 141 165 104
 141 167 141
 141 168 102
 141 169 144
 141 171 181
 141 173 178
 141 174 135
 141 175 281
 141 176 280
 141 178 297
 141 179 200
 141 183 269
 141 185 237
 141 187 187
 141 188 375
 141 191 381
 141 192 323
 141 193 257
 141 194 339
 141 195 403
 141 196 245
 141 198 440
 141 199 401
 141 202 327
 141 203 454
 141 205 417
 141 206 476
 141 207 355
 141 209 442
 141 211 583
 141 214 609
 141 220 369
 142 164 43
 142 168 86
 142 175 174
 142 176 242
 142 177 206
 142 179 253
 142 180 256
 142 181 239
 142 185 219
 142 188 296
 142 191 294
 142 192 339
 142 194 357
 142 195 296
 142 198 370
 142 199 299
 142 202 281
 142 203 452
 142 205 396
 142 206 360
 142 207 470
 142 209 279
 142 211 302
 142 214 379
 142 220 408
 143 168 39
 143 169 55
 143 174 60
 143 177 131
 143 179 147
 143 185 217
 143 187 155
 143 188 157
 143 193 270
 143 199 265
 143 202 294
 143 203 396
 143 205 264
 143 207 235
 143 209 289
 143 211 393
 143 214 328
 143 220 577
 144 191 99
 144 194 111
 144 198 156
 144 206 272
 144 207 269
 144 209 235
 144 214 308
 144 220 309
 145 166 45
 145 168 77
 145 169 79
 145 174 112
 145 178 199
 145 179 117
 145 180 195
 145 183 152
 145 186 188
 145 187 248
 145 188 167
 145 191 186
 145 192 226
 145 193 289
 145 194 324
 145 198 262
 145 199 230
 145 202 351
 145 203 306
 145 205 381
 145 206 333
 145 207 463
 145 209 292
 145 211 341
 145 214 563
 145 220 591
 146 173 36
 146 174 38
 146 176 89
 146 179 98
 146 182 127
 146 190 123
 146 192 148
 146 195 134
 146 196 188
 146 199 188
 146 201 222
 146 202 249
 146 203 272
 146 205 305
 146 206 283
 146 207 216
 146 209 301
 146 211 256
 146 214 360
 146 220 406
 146 223 347
 146 224 507
 146 225 499
 147 167 143
 147 168 114
 147 169 260
 147 170 221
 147 171 141
 147 172 266
 147 175 252
 147 176 189
 147 177 307
 147 180 359
 147 181 231
 147 182 358
 147 183 205
 147 186 333
 147 187 415
 147 188 383
 147 189 282
 147 190 229
 147 191 291
 147 192 417
 147 193 315
 147 194 447
 147 195 456
 147 196 483
 147 198 430
 147 199 529
 147 201 381
 147 202 396
 147 203 416
 147 205 470
 147 206 412
 147 207 325
 147 209 411
 147 210 342
 147 211 391
 147 212 509
 147 214 589
 147 216 683
 147 220 484
 147 223 636
 147 224 758
 147 225 744
 148 172 71
 148 177 88
 148 179 123
 148 181 147
 148 188 201
 148 190 223
 148 191 182
 148 194 249
 148 195 258
 148 196 267
 148 199 279
 148 201 382
 148 202 377
 148 203 347
 148 205 226
 148 206 286
 148 207 372
 148 209 261
 148 210 448
 148 211 395
 148 212 394
 148 214 446
 148 216 451
 148 220 391
 148 223 492
 148 224 359
 148 225 445
 149 192 63
 149 195 80
 149 196 95
 149 199 108
 149 201 198
 149 205 163
 149 206 234
 149 211 302
 149 212 221
 149 214 194
 149 220 304
 149 223 292
 149 225 296
 150 175 71
 150 177 100
 150 182 94
 150 188 114
 150 190 107
 150 193 222
 150 194 189
 150 195 193
 150 196 206
 150 197 264
 150 198 278
 150 199 182
 150 201 237
 150 203 338
 150 205 299
 150 206 362
 150 207 388
 150 210 364
 150 211 252
 150 212 287
 150 214 454
 150 216 267
 150 220 340
 150 222 492
 150 223 311
 150 224 549
 150 225 404
 150 233 373
 151 181 92
 151 183 119
 151 184 82
 151 191 87
 151 192 139
 151 194 166
 151 196 177
 151 197 154
 151 201 258
 151 202 299
 151 203 202
 151 205 231
 151 207 325
 151 210 273
 151 211 255
 151 212 297
 151 214 388
 151 216 369
 151 220 364
 151 222 381
 151 223 408
 151 224 380
 151 225 475
 151 233 318
 152 171 87
 152 175 177
 152 176 123
 152 182 149
 152 185 182
 152 189 195
 152 190 247
 152 193 181
 152 196 199
 152 197 197
 152 198 367
 152 199 237
 152 201 318
 152 203 223
 152 205 319
 152 206 466
 152 207 341
 152 209 355
 152 210 330
 152 211 271
 152 212 392
 152 214 416
 152 216 454
 152 220 336
 152 222 316
 152 223 378
 152 224 408
 152 225 514
 152 233 578
 153 178 20
 153 184 36
 153 185 40
 153 186 72
 153 192 79
 153 193 101
 153 199 128
 153 202 203
 153 209 292
 153 210 168
 153 211 179
 153 212 284
 153 214 207
 153 216 321
 153 220 326
 153 222 378
 153 223 453
 153 224 440
 153 225 435
 153 233 364
 154 175 172
 154 177 169
 154 178 194
 154 179 160
 154 181 153
 154 183 268
 154 184 275
 154 190 236
 154 191 199
 154 192 274
 154 193 214
 154 197 293
 154 198 272
 154 199 366
 154 201 313
 154 202 243
 154 203 366
 154 205 344
 154 206 392
 154 207 313
 154 209 398
 154 210 357
 154 211 395
 154 212 411
 154 214 538
 154 216 336
 154 220 408
 154 222 638
 154 223 573
 154 224 662
 154 225 414
 154 233 706
 155 169 90
 155 173 110
 155 174 114
 155 175 123
 155 176 152
 155 179 217
 155 185 259
 155 187 178
 155 188 249
 155 190 210
 155 191 216
 155 192 277
 155 193 173
 155 195 251
 155 196 366
 155 197 216
 155 199 209
 155 202 382
 155 205 343
 155 206 273
 155 207 386
 155 209 436
 155 210 482
 155 211 359
 155 212 396
 155 214 525
 155 216 575
 155 220 341
 155 222 445
 155 223 356
 155 224 572
 155 225 448
 155 233 546
 156 171 32
 156 172 30
 156 186 106
 156 189 191
 156 194 174
 156 196 188
 156 199 197
 156 200 185
 156 201 321
 156 202 241
 156 203 309
 156 204 217
 156 205 364
 156 206 234
 156 210 281
 156 211 412
 156 212 431
 156 214 258
 156 216 468
 156 220 291
 156 222 412
 156 223 303
 156 224 426
 156 225 327
 156 233 562
 156 234 581
 156 239 405
 157 197 20
 157 203 66
 157 209 90
 157 210 125
 157 211 180
 157 212 166
 157 214 190
 157 216 148
 157 220 209
 157 224 301
 157 225 192
 157 233 381
 157 234 363
 157 239 281
 158 176 182
 158 177 208
 158 178 133
 158 179 161
 158 186 213
 158 187 238
 158 188 271
 158 189 165
 158 190 177
 158 191 316
 158 192 174
 158 193 180
 158 194 259
 158 195 222
 158 196 220
 158 197 327
 158 198 223
 158 200 330
 158 201 350
 158 202 237
 158 203 406
 158 204 364
 158 205 360
 158 206 479
 158 207 315
 158 209 273
 158 210 326
 158 211 332
 158 212 348
 158 214 307
 158 216 580
 158 220 546
 158 222 373
 158 223 353
 158 224 484
 158 225 579
 158 233 676
 158 234 388
 158 239 524
 159 165 18
 159 169 65
 159 172 71
 159 181 191
 159 183 211
 159 186 136
 159 187 149
 159 188 137
 159 189 254
 159 193 194
 159 194 175
 159 196 183
 159 197 187
 159 198 360
 159 201 377
 159 202 401
 159 203 386
 159 204 324
 159 205 348
 159 206 268
 159 207 313
 159 209 400
 159 210 462
 159 211 381
 159 212 451
 159 214 395
 159 216 383
 159 220 525
 159 222 418
 159 223 625
 159 224 334
 159 225 457
 159 230 605
 159 233 369
 159 234 549
 159 239 476
 160 195 54
 160 201 143
 160 202 139
 160 203 163
 160 204 93
 160 206 215
 160 213 234
 160 216 224
 160 219 184
 160 221 227
 160 222 241
 160 223 296
 160 224 310
 160 225 384
 160 230 426
 160 232 462
 160 233 297
 160 234 446
 160 238 385
 160 239 332
 161 200 114
 161 206 108
 161 208 105
 161 213 228
 161 216 179
 161 219 236
 161 220 199
 161 222 307
 161 223 296
 161 224 316
 161 232 277
 161 233 290
 161 234 338
 161 236 349
 161 238 384
 161 239 276
 162 182 98
 162 190 130
 162 193 104
 162 194 106
 162 195 159
 162 198 189
 162 200 220
 162 202 200
 162 203 177
 162 204 291
 162 205 226
 162 206 180
 162 207 332
 162 209 316
 162 210 334
 162 211 328
 162 212 386
 162 214 412
 162 216 356
 162 217 298
 162 218 358
 162 219 316
 162 220 477
 162 221 424
 162 222 336
 162 223 345
 162 224 334
 162 225 276
 162 226 384
 162 230 440
 162 232 328
 162 233 414
 162 234 391
 162 235 550
 162 236 591
 162 238 597
 162 239 412
 162 247 612
 163 185 26
 163 197 121
 163 200 122
 163 205 210
 163 206 146
 163 207 222
 163 208 196
 163 212 153
 163 213 316
 163 214 240
 163 216 294
 163 217 343
 163 218 223
 163 219 373
 163 220 346
 163 223 208
 163 224 411
 163 225 371
 163 226 337
 163 230 235
 163 232 357
 163 233 413
 163 234 356
 163 235 341
 163 236 324
 163 238 273
 163 239 509
 163 247 616
 164 211 20
 164 219 78
 164 222 77
 164 226 134
 164 228 145
 164 232 162
 164 236 183
 164 239 208
 164 247 357
 165 208 33
 165 210 53
 165 213 93
 165 214 76
 165 217 102
 165 219 85
 165 220 139
 165 227 180
 165 228 126
 165 233 231
 165 234 156
 165 235 229
 165 238 260
 165 239 167
 165 247 224
 166 214 83
 166 216 96
 166 217 101
 166 218 68
 166 219 130
 166 220 125
 166 221 106
 166 223 116
 166 226 145
 166 227 180
 166 232 235
 166 234 193
 166 236 254
 166 247 232
 167 184 42
 167 193 96
 167 196 162
 167 200 208
 167 202 241
 167 203 240
 167 205 203
 167 207 274
 167 208 192
 167 210 180
 167 211 297
 167 212 287
 167 213 232
 167 214 261
 167 215 355
 167 216 297
 167 217 335
 167 218 295
 167 219 383
 167 220 288
 167 221 324
 167 222 350
 167 223 367
 167 224 229
 167 225 387
 167 226 367
 167 227 442
 167 228 438
 167 230 414
 167 232 448
 167 233 271
 167 234 353
 167 235 489
 167 236 343
 167 237 559
 167 238 526
 167 239 549
 167 246 349
 167 247 427
 168 194 113
 168 196 101
 168 203 122
 168 204 169
 168 205 133
 168 206 166
 168 207 149
 168 208 236
 168 209 238
 168 210 252
 168 211 241
 168 212 277
 168 213 310
 168 214 194
 168 215 227
 168 216 345
 168 217 250
 168 218 339
 168 219 369
 168 220 255
 168 221 243
 168 222 405
 168 223 301
 168 224 291
 168 225 441
 168 226 238
 168 227 375
 168 228 275
 168 230 259
 168 232 424
 168 233 410
 168 234 440
 168 235 292
 168 236 412
 168 237 464
 168 238 372
 168 239 466
 168 246 410
 168 247 548
 169 218 49
 169 219 43
 169 226 83
 169 227 115
 169 229 111
 169 231 82
 169 236 127
 169 238 202
 169 246 206
 169 247 291
 170 217 75
 170 220 86
 170 222 112
 170 226 129
 170 227 167
 170 228 191
 170 232 213
 170 235 190
 170 237 240
 170 247 378
 171 201 40
 171 204 36
 171 206 87
 171 211 117
 171 213 134
 171 214 106
 171 218 184
 171 220 207
 171 221 238
 171 222 179
 171 223 210
 171 224 172
 171 226 213
 171 227 199
 171 229 188
 171 230 289
 171 231 279
 171 234 309
 171 235 307
 171 236 349
 171 237 193
 171 238 356
 171 239 335
 171 246 426
 171 247 373
 172 213 39
 172 217 78
 172 220 91
 172 226 157
 172 229 107
 172 230 137
 172 232 165
 172 237 201
 172 239 190
 172 242 217
 172 246 264
 173 201 100
 173 206 90
 173 211 126
 173 212 201
 173 214 187
 173 215 159
 173 216 236
 173 218 230
 173 223 261
 173 225 241
 173 227 192
 173 229 302
 173 231 296
 173 234 319
 173 235 291
 173 236 339
 173 237 290
 173 238 421
 173 239 264
 173 242 376
 173 246 292
 173 247 381
 174 214 47
 174 216 83
 174 221 127
 174 222 104
 174 223 82
 174 224 124
 174 227 155
 174 229 130
 174 230 168
 174 231 150
 174 232 163
 174 237 135
 174 238 213
 174 239 193
 174 242 183
 174 246 214
 175 196 67
 175 204 158
 175 206 177
 175 208 184
 175 211 177
 175 213 226
 175 214 147
 175 215 240
 175 216 174
 175 219 253
 175 220 271
 175 223 328
 175 224 296
 175 225 212
 175 226 317
 175 227 222
 175 229 395
 175 230 251
 175 231 300
 175 232 359
 175 233 320
 175 234 243
 175 235 343
 175 236 343
 175 237 413
 175 238 360
 175 239 451
 175 240 274
 175 242 310
 175 246 427
 175 247 301
 175 249 453
 175 250 402
 176 193 26
 176 197 61
 176 202 143
 176 215 220
 176 218 265
 176 219 292
 176 220 239
 176 221 204
 176 222 320
 176 223 200
 176 224 359
 176 225 307
 176 226 222
 176 228 217
 176 229 324
 176 230 274
 176 231 225
 176 232 242
 176 233 442
 176 234 279
 176 235 407
 176 236 290
 176 237 425
 176 238 267
 176 239 248
 176 240 317
 176 242 278
 176 245 383
 176 246 474
 176 247 549
 176 249 430
 176 250 441
 177 202 59
 177 204 57
 177 208 73
 177 213 134
 177 214 181
 177 217 206
 177 219 235
 177 221 168
 177 223 268
 177 224 278
 177 226 211
 177 227 253
 177 229 207
 177 230 195
 177 234 371
 177 235 329
 177 236 240
 177 237 259
 177 238 390
 177 239 206
 177 240 407
 177 242 240
 177 245 431
 177 246 289
 177 247 351
 177 249 473
 177 250 521
 178 209 47
 178 213 130
 178 217 182
 178 218 134
 178 220 132
 178 221 208
 178 222 179
 178 223 199
 178 226 132
 178 227 199
 178 229 206
 178 230 221
 178 231 188
 178 232 288
 178 233 219
 178 235 297
 178 238 278
 178 239 353
 178 242 201
 178 245 357
 178 246 400
 178 247 247
 178 249 453
 178 250 255
 179 224 38
 179 233 77
 179 236 90
 179 245 173
 179 246 140
 179 247 220
 179 249 159
 179 250 286
 180 237 74
 180 240 111
 180 245 188
 180 247 148
 180 249 188
 181 230 46
 181 231 75
 181 235 104
 181 236 84
 181 238 129
 181 246 131
 181 247 128
 181 249 148
 181 250 215
 182 234 60
 182 238 59
 182 239 63
 182 246 118
 182 247 187
 183 231 34
 183 234 76
 183 239 63
 183 240 60
 183 249 191
 183 250 137
 184 234 36
 184 236 42
 184 238 41
 184 249 115
 185 232 144
 185 236 167
 185 240 140
 185 242 200
 185 246 153
 185 247 191
 186 249 187
 186 250 209
 187 221 97
 187 226 135
 187 228 178
 187 231 114
 187 232 123
 187 234 209
 187 235 153
 187 236 164
 187 239 185
 187 240 259
 187 242 167
 187 247 382
 187 249 237
 187 250 369
 188 200 41
 188 201 55
 188 202 58
 188 206 124
 188 207 92
 188 209 80
 188 211 90
 188 217 231
 188 221 200
 188 223 212
 188 224 259
 188 225 175
 188 226 266
 188 227 281
 188 228 204
 188 229 328
 188 230 189
 188 231 258
 188 232 264
 188 234 311
 188 235 376
 188 236 198
 188 237 245
 188 238 224
 188 239 292
 188 240 328
 188 242 376
 188 245 252
 188 246 364
 188 247 463
 188 249 328
 188 250 301
 189 242 62
 189 249 116
 189 250 168
 190 234 38
 190 238 38
 190 247 98
 190 249 134
 190 250 158
 191 225 73
 191 227 73
 191 236 192
 191 237 174
 191 238 116
 191 240 138
 191 241 184
 191 242 253
 191 245 288
 191 246 220
 191 249 239
 191 250 331
 192 210 78
 192 211 83
 192 217 130
 192 222 145
 192 224 150
 192 226 140
 192 228 213
 192 231 248
 192 232 215
 192 233 189
 192 234 306
 192 235 168
 192 236 265
 192 237 225
 192 238 271
 192 239 239
 192 241 325
 192 242 265
 192 243 262
 192 244 377
 192 245 388
 192 246 234
 192 247 265
 192 249 344
 192 250 385
 193 209 47
 193 211 69
 193 216 166
 193 220 167
 193 222 176
 193 226 130
 193 228 232
 193 229 182
 193 233 224
 193 234 177
 193 237 190
 193 238 308
 193 240 184
 193 242 289
 193 243 291
 193 244 221
 193 245 220
 193 246 341
 193 247 375
 193 249 351
 193 250 286
 194 227 25
 194 242 84
 194 243 171
 194 247 216
 195 210 59
 195 213 85
 195 216 92
 195 217 163
 195 218 107
 195 219 147
 195 220 174
 195 221 194
 195 223 139
 195 227 209
 195 229 150
 195 231 278
 195 233 309
 195 235 254
 195 236 278
 195 237 338
 195 238 249
 195 239 201
 195 240 236
 195 241 302
 195 242 233
 195 243 228
 195 244 388
 195 245 376
 195 246 335
 195 247 268
 195 249 280
 195 250 484
 196 213 66
 196 216 120
 196 221 173
 196 223 109
 196 224 157
 196 225 109
 196 232 241
 196 236 289
 196 237 269
 196 238 160
 196 239 245
 196 242 276
 196 243 272
 196 244 245
 196 245 357
 196 246 347
 196 247 299
 196 248 315
 196 249 333
 196 250 335
 197 250 113
 198 226 95
 198 228 107
 198 230 162
 198 233 106
 198 235 132
 198 239 188
 198 241 236
 198 243 218
 198 246 240
 198 247 186
 198 248 240
 198 249 305
 198 250 264
 199 228 54
 199 232 90
 199 234 78
 199 237 82
 199 243 132
 199 245 195
 199 247 167
 199 248 171
 201 237 26
 201 241 48
 201 249 95
 202 230 168
 202 231 157
 202 233 188
 202 235 191
 202 236 204
 202 240 242
 202 241 168
 202 243 226
 202 244 213
 202 245 272
 202 246 320
 202 247 293
 202 248 257
 202 249 249
 202 250 247
 203 221 31
 203 222 32
 203 232 115
 203 233 104
 203 236 132
 203 238 120
 203 242 183
 203 243 146
 203 247 189
 203 249 228
 203 250 297
 204 247 45
 204 248 51
 205 220 81
 205 221 110
 205 226 86
 205 227 136
 205 230 197
 205 231 134
 205 233 235
 205 234 164
 205 236 180
 205 237 192
 205 238 216
 205 239 275
 205 240 161
 205 241 247
 205 243 299
 205 248 237
 205 249 277
 205 250 379
 206 233 104
 206 237 206
 206 238 183
 206 239 230
 206 241 165
 206 246 291
 206 247 289
 206 248 268
 206 249 321
 207 225 18
 207 231 58
 207 234 105
 207 238 132
 207 246 165
 207 247 133
 207 249 190
 207 250 246
 209 224 52
 209 230 86
 209 231 100
 209 234 115
 209 238 115
 209 240 179
 209 243 182
 209 244 186
 209 245 152
 209 247 269
 209 249 233
 210 238 37
 210 239 28
 210 241 36
 210 246 82
 210 248 116
 210 250 101
 211 219 25
 211 220 26
 211 225 52
 211 226 54
 211 231 95
 211 233 116
 211 234 144
 211 236 144
 211 243 138
 211 246 207
 211 247 282
 211 248 222
 211 250 282
 212 242 74
 212 244 74
 212 245 78
 212 246 121
 212 247 146
 212 248 149
 212 249 166
 214 234 72
 214 241 96
 214 244 172
 214 245 151
 214 247 146
 214 248 201
 214 250 164
 220 230 24
 220 243 162
 220 248 219
 220 250 139
 222 245 65
 222 246 51
 222 248 76
 223 246 144
 223 247 140
 223 248 158
 223 249 104
 224 233 38
 224 242 90
 224 245 95
 224 247 103
 224 249 191
 225 247 119
 230 249 21
 233 249 112
 234 248 57
 234 250 83
