 200 480
 16 255
 22 148
 33 124
 38 68
 48 153
 69 102
 77 269
 77 130
 85 264
 99 130
 106 331
 118 191
 120 331
 120 360
 125 239
 125 178
 130 198
 131 244
 131 352
 147 194
 182 336
 185 345
 196 217
 201 271
 202 372
 207 355
 207 337
 215 235
 227 456
 241 418
 242 437
 246 344
 247 385
 251 423
 265 318
 276 499
 278 303
 301 332
 306 358
 310 471
 318 418
 318 531
 327 474
 329 492
 331 455
 349 376
 376 611
 381 467
 381 408
 385 557
 390 550
 390 496
 393 534
 393 632
 407 562
 408 541
 411 617
 416 520
 418 640
 432 564
 454 550
 478 549
 484 633
 487 535
 507 664
 534 651
 539 567
 541 760
 543 651
 551 674
 552 750
 561 604
 566 656
 570 671
 610 771
 614 707
 620 673
 621 715
 621 663
 623 760
 639 795
 640 794
 652 701
 654 767
 656 851
 658 703
 662 801
 666 775
 683 914
 683 798
 687 890
 692 929
 695 769
 696 855
 703 791
 712 885
 720 811
 737 850
 737 962
 751 949
 757 869
 760 851
 760 991
 765 823
 766 954
 768 855
 775 998
 793 885
 795 1030
 795 935
 807 936
 814 1004
 816 994
 817 845
 822 1013
 823 1005
 829 858
 841 1047
 842 956
 854 1094
 870 1096
 878 1065
 881 977
 885 1104
 886 952
 888 925
 894 917
 896 1023
 897 937
 901 1117
 904 940
 916 1081
 918 941
 922 1018
 945 1105
 947 1185
 954 1126
 955 1117
 957 984
 975 1071
 976 1166
 976 1145
 990 1196
 1006 1156
 1017 1148
 1026 1176
 1030 1147
 1032 1248
 1035 1261
 1037 1065
 1047 1148
 1058 1169
 1077 1257
 1081 1156
 1084 1194
 1088 1308
 1090 1159
 1100 1280
 1130 1293
 1130 1264
 1139 1228
 1148 1202
 1149 1370
 1150 1374
 1150 1263
 1170 1296
 1172 1323
 1175 1269
 1187 1312
 1212 1399
 1215 1431
 1215 1259
 1227 1442
 1235 1422
 1278 1328
 1280 1418
 1299 1530
 1309 1344
 1318 1381
 1323 1380
 1327 1450
 1331 1459
 1339 1440
 1349 1529
 1358 1521
 1358 1571
 1362 1578
 1370 1557
 1376 1500
 1376 1437
 1376 1544
 1378 1394
 1380 1430
 1392 1514
 1396 1463
 1403 1447
 1414 1648
 1422 1448
 1429 1505
 1432 1583
 1 38 72
 1 39 99
 1 40 60
 1 46 186
 1 48 242
 1 52 163
 2 27 69
 2 33 178
 2 35 144
 2 39 305
 2 40 245
 2 43 230
 2 44 305
 2 45 204
 2 46 246
 2 48 416
 2 49 369
 2 52 250
 3 21 95
 3 23 88
 3 24 101
 3 28 142
 3 29 171
 3 33 137
 3 34 176
 3 35 258
 3 37 287
 3 38 276
 3 40 315
 3 43 393
 3 46 401
 3 48 384
 3 49 302
 3 52 419
 4 17 79
 4 19 110
 4 20 87
 4 22 224
 4 23 143
 4 24 234
 4 26 210
 4 27 233
 4 28 197
 4 30 241
 4 32 209
 4 33 345
 4 34 301
 4 35 316
 4 36 239
 4 37 211
 4 38 442
 4 39 447
 4 40 354
 4 41 421
 4 43 336
 4 44 489
 4 45 508
 4 46 538
 4 48 386
 4 49 411
 4 52 537
 5 28 77
 5 32 174
 5 35 168
 5 37 209
 5 38 275
 5 39 158
 5 41 251
 5 43 250
 5 44 266
 5 45 304
 5 46 203
 5 49 239
 5 52 410
 5 58 413
 6 23 149
 6 28 186
 6 31 214
 6 32 254
 6 33 196
 6 34 214
 6 35 318
 6 37 211
 6 38 354
 6 41 336
 6 42 392
 6 43 363
 6 44 352
 6 45 422
 6 46 259
 6 48 366
 6 49 440
 6 52 573
 6 53 438
 6 56 612
 6 58 367
 6 62 624
 6 64 754
 7 42 65
 7 43 94
 7 45 122
 7 48 197
 7 49 138
 7 52 179
 7 53 248
 7 61 339
 7 62 360
 7 64 413
 8 24 142
 8 25 90
 8 26 126
 8 28 144
 8 29 138
 8 31 186
 8 36 173
 8 37 153
 8 39 256
 8 41 208
 8 42 334
 8 43 263
 8 45 312
 8 46 411
 8 48 310
 8 49 430
 8 50 460
 8 51 337
 8 52 428
 8 53 297
 8 56 370
 8 58 497
 8 61 479
 8 62 482
 8 64 587
 9 39 74
 9 50 222
 9 51 147
 9 53 230
 9 55 187
 9 56 187
 9 58 173
 9 60 291
 9 64 397
 10 20 21
 10 21 93
 10 24 139
 10 26 126
 10 30 189
 10 32 132
 10 33 123
 10 38 215
 10 39 322
 10 43 302
 10 44 325
 10 45 394
 10 46 383
 10 48 388
 10 49 313
 10 50 291
 10 51 471
 10 52 466
 10 53 489
 10 55 299
 10 56 372
 10 58 379
 10 60 569
 10 61 524
 10 62 596
 10 64 501
 10 67 559
 11 49 53
 11 53 91
 11 56 151
 11 61 217
 11 67 247
 12 33 66
 12 35 147
 12 38 148
 12 40 208
 12 42 248
 12 44 196
 12 46 296
 12 48 302
 12 49 342
 12 51 260
 12 52 252
 12 53 338
 12 55 378
 12 56 264
 12 58 373
 12 60 409
 12 61 294
 12 62 386
 12 64 317
 12 67 411
 13 51 105
 13 53 92
 13 58 109
 13 61 222
 13 67 354
 14 48 26
 14 50 30
 14 53 53
 14 60 109
 14 64 202
 14 67 291
 15 43 146
 15 45 122
 15 46 119
 15 48 233
 15 51 244
 15 52 218
 15 55 180
 15 60 336
 15 61 247
 15 62 273
 15 64 401
 15 67 349
 15 72 637
 16 24 39
 16 27 41
 16 31 69
 16 32 133
 16 33 78
 16 37 128
 16 38 147
 16 39 231
 16 40 198
 16 44 194
 16 45 245
 16 46 277
 16 49 229
 16 50 392
 16 51 320
 16 52 360
 16 53 271
 16 55 369
 16 56 413
 16 58 362
 16 60 380
 16 61 383
 16 62 432
 16 64 488
 16 67 558
 16 72 619
 17 30 58
 17 32 92
 17 37 99
 17 40 170
 17 41 174
 17 42 218
 17 43 208
 17 44 171
 17 45 174
 17 48 277
 17 49 290
 17 50 220
 17 51 193
 17 53 199
 17 55 257
 17 56 275
 17 58 426
 17 60 348
 17 61 486
 17 62 420
 17 64 346
 17 67 669
 17 72 677
 18 36 53
 18 46 190
 18 47 184
 18 48 226
 18 50 227
 18 51 278
 18 55 234
 18 56 260
 18 58 208
 18 60 252
 18 61 223
 18 62 465
 18 64 316
 18 67 299
 18 72 445
 19 61 203
 19 62 152
 19 64 253
 19 67 317
 19 72 290
 20 36 111
 20 38 194
 20 39 130
 20 43 206
 20 44 230
 20 46 159
 20 47 217
 20 49 330
 20 50 260
 20 51 209
 20 52 239
 20 53 326
 20 55 269
 20 56 215
 20 58 444
 20 60 317
 20 61 465
 20 62 363
 20 64 495
 20 67 577
 20 72 449
 21 47 75
 21 48 53
 21 55 100
 21 56 123
 21 60 146
 21 61 178
 21 62 281
 21 66 396
 21 67 392
 21 69 359
 21 72 379
 21 73 306
 22 49 56
 22 52 72
 22 56 85
 22 58 113
 22 60 103
 22 62 164
 22 63 164
 22 64 220
 22 66 322
 22 69 361
 22 72 349
 22 73 374
 22 79 341
 23 42 172
 23 43 218
 23 44 135
 23 47 186
 23 49 286
 23 50 274
 23 51 228
 23 52 331
 23 53 336
 23 54 266
 23 55 285
 23 56 281
 23 57 244
 23 58 248
 23 59 304
 23 60 393
 23 61 442
 23 62 496
 23 63 394
 23 64 280
 23 65 395
 23 66 481
 23 67 380
 23 69 406
 23 70 620
 23 72 654
 23 73 379
 23 74 456
 23 77 601
 23 79 620
 24 40 68
 24 41 82
 24 47 118
 24 49 187
 24 51 175
 24 54 222
 24 55 173
 24 56 269
 24 57 208
 24 58 163
 24 61 235
 24 62 347
 24 63 252
 24 65 391
 24 66 312
 24 67 350
 24 69 537
 24 70 306
 24 72 322
 24 73 325
 24 74 482
 24 77 686
 24 79 695
 25 56 63
 25 58 49
 25 63 198
 25 65 180
 25 67 227
 25 69 193
 25 70 257
 25 72 323
 25 73 222
 25 74 265
 25 77 478
 25 79 470
 26 52 65
 26 56 81
 26 61 118
 26 62 141
 26 64 244
 26 65 258
 26 66 357
 26 67 318
 26 69 299
 26 70 364
 26 73 301
 26 74 384
 26 77 414
 26 79 409
 27 48 86
 27 51 56
 27 56 83
 27 59 149
 27 60 148
 27 61 186
 27 62 199
 27 64 216
 27 65 246
 27 66 299
 27 67 209
 27 69 213
 27 70 351
 27 72 392
 27 73 264
 27 74 246
 27 77 328
 27 79 328
 28 38 87
 28 40 84
 28 42 115
 28 45 111
 28 47 176
 28 48 178
 28 50 166
 28 51 279
 28 53 271
 28 55 255
 28 56 304
 28 57 308
 28 59 325
 28 61 351
 28 62 444
 28 63 289
 28 64 483
 28 65 489
 28 66 513
 28 67 315
 28 69 325
 28 70 451
 28 72 613
 28 73 633
 28 74 568
 28 77 406
 28 79 542
 29 64 39
 29 66 142
 29 67 91
 29 70 135
 29 72 125
 29 76 273
 29 77 266
 29 83 270
 30 66 150
 30 67 135
 30 70 209
 30 72 202
 30 73 183
 30 74 230
 30 76 254
 30 77 304
 30 79 391
 30 83 391
 30 86 330
 31 69 167
 31 70 182
 31 72 230
 31 73 183
 31 79 323
 31 86 275
 32 49 62
 32 54 50
 32 55 84
 32 60 174
 32 61 117
 32 63 151
 32 64 198
 32 66 277
 32 72 345
 32 73 308
 32 74 358
 32 76 308
 32 77 478
 32 78 350
 32 79 308
 32 83 510
 32 86 451
 33 61 82
 33 62 135
 33 63 177
 33 64 180
 33 65 169
 33 67 195
 33 69 196
 33 73 285
 33 76 250
 33 77 416
 33 78 405
 33 79 298
 33 83 509
 33 86 312
 34 72 157
 34 73 221
 34 76 278
 34 77 226
 34 78 256
 34 79 199
 34 83 314
 34 86 420
 35 49 97
 35 51 81
 35 57 104
 35 58 161
 35 59 179
 35 60 133
 35 61 250
 35 63 193
 35 64 227
 35 65 330
 35 66 370
 35 67 407
 35 69 233
 35 70 451
 35 72 484
 35 73 293
 35 74 285
 35 76 510
 35 77 526
 35 78 560
 35 79 342
 35 83 385
 35 86 674
 36 69 74
 36 70 57
 36 71 78
 36 74 91
 36 77 208
 36 78 198
 36 79 160
 36 83 289
 37 42 29
 37 50 121
 37 53 175
 37 56 123
 37 57 212
 37 58 185
 37 62 243
 37 63 307
 37 64 342
 37 65 263
 37 67 249
 37 69 277
 37 70 344
 37 71 406
 37 72 330
 37 73 516
 37 74 449
 37 76 560
 37 77 540
 37 78 441
 37 79 384
 37 83 695
 37 86 627
 38 48 60
 38 50 81
 38 54 108
 38 57 104
 38 63 184
 38 64 236
 38 66 314
 38 67 374
 38 68 319
 38 69 354
 38 70 285
 38 71 232
 38 72 367
 38 73 347
 38 74 429
 38 75 547
 38 76 440
 38 77 411
 38 78 352
 38 79 372
 38 80 554
 38 83 362
 38 84 381
 38 86 343
 38 88 603
 38 93 429
 39 58 82
 39 61 153
 39 62 231
 39 64 190
 39 65 227
 39 67 258
 39 69 320
 39 70 328
 39 71 231
 39 72 270
 39 73 255
 39 74 368
 39 75 440
 39 76 386
 39 77 396
 39 78 488
 39 79 275
 39 80 441
 39 83 306
 39 84 375
 39 86 318
 39 88 543
 39 93 365
 40 70 89
 40 71 114
 40 72 105
 40 74 181
 40 75 249
 40 76 205
 40 78 164
 40 79 253
 40 83 214
 40 84 249
 40 86 196
 40 88 357
 40 93 292
 41 63 95
 41 64 89
 41 66 169
 41 68 170
 41 70 213
 41 71 171
 41 72 163
 41 73 230
 41 76 317
 41 77 348
 41 79 252
 41 80 233
 41 81 231
 41 82 412
 41 83 237
 41 84 258
 41 86 275
 41 88 284
 41 90 465
 41 93 406
 41 95 442
 42 75 95
 42 77 130
 42 78 110
 42 80 99
 42 81 135
 42 82 159
 42 84 197
 42 88 206
 42 90 233
 42 93 303
 42 95 194
 43 66 88
 43 68 70
 43 69 121
 43 71 92
 43 73 107
 43 79 189
 43 80 285
 43 83 190
 43 84 213
 43 86 297
 43 88 257
 43 90 266
 43 95 238
 44 66 43
 44 75 142
 44 80 140
 44 81 200
 44 83 196
 44 86 218
 44 88 179
 44 90 209
 44 93 393
 45 64 37
 45 65 103
 45 66 124
 45 73 120
 45 75 176
 45 77 192
 45 78 271
 45 79 253
 45 80 321
 45 81 185
 45 82 282
 45 83 372
 45 84 217
 45 86 387
 45 87 411
 45 88 327
 45 90 403
 45 93 274
 45 95 480
 45 97 430
 46 58 41
 46 60 112
 46 62 176
 46 64 134
 46 65 143
 46 66 292
 46 68 228
 46 71 239
 46 73 239
 46 74 299
 46 75 335
 46 76 444
 46 77 328
 46 78 441
 46 79 378
 46 80 340
 46 81 449
 46 82 520
 46 83 479
 46 84 523
 46 86 364
 46 87 547
 46 88 523
 46 90 397
 46 93 531
 46 95 357
 46 97 387
 46 104 755
 47 88 98
 47 94 170
 47 98 185
 47 104 238
 47 106 182
 48 66 90
 48 69 105
 48 71 166
 48 72 174
 48 74 167
 48 75 210
 48 78 268
 48 79 226
 48 81 206
 48 84 302
 48 85 318
 48 87 214
 48 90 421
 48 93 238
 48 94 311
 48 95 354
 48 97 404
 48 98 497
 48 102 351
 48 104 380
 48 106 445
 48 114 601
 48 117 488
 49 64 104
 49 66 160
 49 68 153
 49 69 205
 49 71 258
 49 72 251
 49 73 220
 49 74 307
 49 75 391
 49 77 418
 49 78 253
 49 79 218
 49 80 402
 49 81 381
 49 82 426
 49 83 363
 49 84 390
 49 85 361
 49 86 296
 49 87 362
 49 88 333
 49 90 387
 49 93 366
 49 94 331
 49 95 379
 49 97 576
 49 98 579
 49 102 475
 49 104 606
 49 106 389
 49 114 721
 49 117 656
 50 75 80
 50 77 115
 50 80 71
 50 81 103
 50 84 166
 50 85 153
 50 86 180
 50 90 160
 50 95 219
 50 97 197
 50 98 276
 50 102 223
 50 104 404
 50 106 216
 50 114 346
 50 117 311
 51 73 19
 51 79 132
 51 80 114
 51 82 136
 51 85 160
 51 87 188
 51 93 262
 51 94 289
 51 98 242
 51 102 275
 51 104 363
 51 106 388
 51 114 456
 51 117 321
 52 72 84
 52 74 81
 52 75 201
 52 79 183
 52 80 171
 52 81 278
 52 85 214
 52 86 257
 52 87 242
 52 88 306
 52 90 209
 52 93 358
 52 94 274
 52 95 313
 52 97 272
 52 98 368
 52 101 349
 52 102 311
 52 104 289
 52 106 391
 52 114 516
 52 117 634
 53 75 106
 53 77 158
 53 78 97
 53 80 108
 53 81 188
 53 82 203
 53 84 144
 53 85 147
 53 86 226
 53 90 279
 53 93 294
 53 95 324
 53 97 347
 53 98 222
 53 101 258
 53 102 395
 53 114 495
 53 117 517
 54 88 51
 54 95 98
 54 101 130
 54 102 172
 54 104 211
 54 114 246
 54 117 350
 55 79 105
 55 84 107
 55 88 120
 55 90 137
 55 93 205
 55 95 269
 55 96 236
 55 97 314
 55 98 205
 55 101 283
 55 102 372
 55 106 379
 55 108 398
 55 114 502
 55 117 368
 56 76 98
 56 79 120
 56 82 167
 56 85 219
 56 88 192
 56 90 232
 56 93 155
 56 94 287
 56 96 253
 56 98 231
 56 101 262
 56 102 392
 56 104 343
 56 106 371
 56 108 281
 56 114 494
 56 117 501
 57 82 35
 57 83 61
 57 86 42
 57 87 87
 57 91 106
 57 96 154
 57 97 205
 57 101 162
 57 104 176
 57 108 203
 57 114 333
 57 117 316
 58 76 148
 58 77 162
 58 78 190
 58 79 123
 58 82 212
 58 83 152
 58 84 154
 58 86 230
 58 87 148
 58 88 282
 58 90 230
 58 91 238
 58 93 315
 58 94 222
 58 95 240
 58 96 382
 58 97 350
 58 98 373
 58 101 393
 58 102 422
 58 104 435
 58 106 354
 58 108 434
 58 114 423
 58 117 362
 59 95 121
 59 102 212
 59 104 138
 59 106 241
 59 108 229
 59 114 185
 59 117 355
 60 78 90
 60 80 86
 60 82 147
 60 83 132
 60 87 179
 60 88 112
 60 91 210
 60 97 219
 60 102 236
 60 104 363
 60 108 286
 60 114 407
 60 117 389
 61 77 140
 61 78 73
 61 80 128
 61 81 152
 61 82 110
 61 83 107
 61 84 200
 61 85 150
 61 88 142
 61 90 168
 61 92 244
 61 93 288
 61 96 270
 61 97 210
 61 98 234
 61 101 223
 61 102 249
 61 104 366
 61 106 280
 61 108 343
 61 114 420
 61 117 482
 61 126 419
 61 127 377
 62 72 23
 62 78 102
 62 79 88
 62 81 157
 62 82 175
 62 83 158
 62 84 195
 62 85 114
 62 87 184
 62 88 222
 62 89 190
 62 90 226
 62 94 212
 62 95 238
 62 96 277
 62 97 322
 62 98 312
 62 100 318
 62 101 290
 62 102 361
 62 104 400
 62 105 388
 62 106 390
 62 108 330
 62 110 380
 62 111 489
 62 114 317
 62 117 528
 62 119 526
 62 125 445
 62 126 390
 62 127 369
 62 129 375
 62 131 709
 62 133 392
 63 84 30
 63 88 61
 63 89 74
 63 96 125
 63 100 172
 63 101 183
 63 104 140
 63 105 184
 63 106 261
 63 108 180
 63 111 230
 63 114 336
 63 117 265
 63 119 352
 63 125 414
 63 126 504
 63 127 415
 63 129 381
 63 131 300
 63 133 403
 64 74 63
 64 75 94
 64 76 91
 64 77 133
 64 81 113
 64 82 133
 64 85 146
 64 87 237
 64 88 179
 64 90 201
 64 92 201
 64 96 345
 64 97 225
 64 98 207
 64 99 338
 64 100 266
 64 101 426
 64 104 319
 64 105 461
 64 106 447
 64 108 326
 64 110 282
 64 111 539
 64 114 339
 64 117 461
 64 119 454
 64 125 430
 64 126 564
 64 127 374
 64 129 700
 64 131 664
 64 133 390
 65 92 37
 65 93 47
 65 102 168
 65 106 184
 65 108 140
 65 110 191
 65 114 175
 65 119 208
 65 123 298
 65 125 263
 65 126 277
 65 127 281
 65 129 419
 65 131 420
 65 133 393
 65 139 584
 66 91 50
 66 100 173
 66 102 205
 66 103 155
 66 105 150
 66 107 206
 66 108 269
 66 111 168
 66 113 290
 66 116 217
 66 119 227
 66 123 300
 66 125 322
 66 126 433
 66 127 305
 66 129 296
 66 131 255
 66 133 412
 66 139 344
 67 75 56
 67 78 68
 67 79 62
 67 82 111
 67 83 138
 67 84 134
 67 89 195
 67 90 165
 67 91 168
 67 92 243
 67 94 201
 67 95 154
 67 96 173
 67 97 304
 67 98 191
 67 99 217
 67 101 198
 67 102 370
 67 103 357
 67 104 336
 67 105 333
 67 106 259
 67 108 326
 67 110 240
 67 111 397
 67 112 462
 67 113 251
 67 114 323
 67 115 450
 67 116 349
 67 117 449
 67 119 436
 67 123 548
 67 125 379
 67 126 609
 67 127 445
 67 129 407
 67 131 390
 67 133 610
 67 134 571
 67 139 391
 68 111 51
 68 115 83
 68 116 99
 68 119 124
 68 127 191
 68 129 151
 68 131 226
 68 134 165
 68 139 331
 69 100 187
 69 101 129
 69 103 151
 69 106 225
 69 108 251
 69 110 213
 69 111 204
 69 112 288
 69 114 322
 69 115 312
 69 116 179
 69 117 355
 69 119 373
 69 123 239
 69 125 258
 69 126 404
 69 127 246
 69 128 429
 69 129 263
 69 131 333
 69 133 319
 69 134 361
 69 139 504
 70 94 34
 70 96 63
 70 98 99
 70 99 93
 70 102 88
 70 103 111
 70 111 242
 70 113 152
 70 114 248
 70 115 204
 70 119 203
 70 123 393
 70 125 312
 70 126 288
 70 127 252
 70 128 441
 70 131 397
 70 133 271
 70 134 495
 70 139 514
 71 109 47
 71 111 63
 71 113 88
 71 115 114
 71 116 134
 71 117 155
 71 119 126
 71 125 193
 71 128 219
 71 133 294
 71 134 243
 71 139 326
 72 78 20
 72 84 53
 72 91 84
 72 92 105
 72 94 123
 72 95 101
 72 96 150
 72 98 136
 72 99 145
 72 100 233
 72 101 162
 72 102 277
 72 103 307
 72 104 218
 72 105 303
 72 106 196
 72 107 302
 72 108 324
 72 109 247
 72 110 337
 72 111 322
 72 113 286
 72 114 257
 72 115 431
 72 116 220
 72 117 401
 72 119 342
 72 123 524
 72 125 322
 72 126 559
 72 127 351
 72 128 349
 72 129 317
 72 131 592
 72 133 542
 72 134 609
 72 139 397
 73 96 75
 73 98 126
 73 101 146
 73 102 182
 73 103 192
 73 105 137
 73 107 187
 73 111 280
 73 112 266
 73 113 294
 73 114 263
 73 115 325
 73 116 287
 73 119 319
 73 123 355
 73 126 376
 73 127 452
 73 128 381
 73 129 255
 73 131 262
 73 133 384
 73 134 276
 73 139 392
 74 95 44
 74 97 51
 74 101 99
 74 102 91
 74 103 118
 74 108 162
 74 115 187
 74 116 174
 74 117 186
 74 119 268
 74 123 380
 74 125 308
 74 126 384
 74 127 303
 74 128 293
 74 129 242
 74 131 337
 74 133 391
 74 134 373
 74 139 317
 75 115 53
 75 118 86
 75 127 218
 75 129 202
 75 132 271
 75 133 159
 75 134 249
 75 139 296
 75 140 312
 75 150 393
 76 100 68
 76 101 60
 76 108 172
 76 110 150
 76 117 244
 76 120 253
 76 123 179
 76 125 266
 76 126 357
 76 127 200
 76 128 225
 76 129 269
 76 131 392
 76 132 385
 76 133 381
 76 134 392
 76 139 377
 76 140 280
 76 150 652
 77 98 124
 77 99 98
 77 108 198
 77 109 169
 77 110 232
 77 111 210
 77 114 250
 77 115 248
 77 117 291
 77 118 309
 77 119 325
 77 120 186
 77 121 242
 77 122 390
 77 123 224
 77 125 271
 77 126 323
 77 127 435
 77 128 333
 77 129 360
 77 131 305
 77 132 317
 77 133 459
 77 134 271
 77 139 440
 77 140 406
 77 150 698
 78 109 146
 78 111 132
 78 113 169
 78 114 126
 78 117 224
 78 118 151
 78 119 185
 78 120 259
 78 121 192
 78 125 248
 78 127 312
 78 128 220
 78 129 207
 78 131 368
 78 132 252
 78 133 392
 78 134 253
 78 139 444
 78 140 346
 78 150 594
 79 102 191
 79 105 137
 79 108 242
 79 111 154
 79 113 267
 79 114 298
 79 115 221
 79 117 168
 79 118 322
 79 120 367
 79 121 255
 79 122 297
 79 123 299
 79 125 407
 79 126 358
 79 127 314
 79 128 458
 79 129 434
 79 131 403
 79 132 298
 79 133 377
 79 134 264
 79 139 444
 79 140 453
 79 150 520
 80 104 8
 80 111 53
 80 114 110
 80 116 106
 80 117 89
 80 118 112
 80 120 177
 80 122 123
 80 127 157
 80 129 251
 80 132 289
 80 134 257
 80 139 374
 80 150 359
 81 116 51
 81 119 76
 81 125 116
 81 127 128
 81 128 158
 81 129 122
 81 130 184
 81 134 137
 81 135 154
 81 139 234
 81 140 272
 81 150 283
 82 120 88
 82 126 114
 82 128 161
 82 129 124
 82 131 164
 82 133 166
 82 134 215
 82 135 238
 82 138 291
 82 150 261
 83 99 58
 83 100 56
 83 102 70
 83 104 87
 83 106 130
 83 110 126
 83 111 137
 83 112 157
 83 114 144
 83 115 217
 83 118 280
 83 119 247
 83 120 194
 83 123 319
 83 124 203
 83 126 298
 83 127 341
 83 128 279
 83 129 374
 83 130 388
 83 131 269
 83 132 394
 83 133 369
 83 134 238
 83 135 437
 83 137 333
 83 138 451
 83 139 396
 83 140 504
 83 150 377
 84 108 48
 84 111 68
 84 118 137
 84 120 138
 84 121 145
 84 125 152
 84 126 201
 84 128 138
 84 135 274
 84 137 268
 84 138 295
 84 139 332
 84 140 275
 84 150 528
 85 124 53
 85 134 87
 85 139 172
 85 150 343
 86 98 46
 86 101 75
 86 102 77
 86 103 63
 86 107 78
 86 108 174
 86 109 111
 86 111 182
 86 112 174
 86 113 127
 86 115 148
 86 116 154
 86 118 163
 86 120 187
 86 121 300
 86 123 200
 86 124 342
 86 125 359
 86 126 259
 86 127 264
 86 128 298
 86 130 322
 86 132 262
 86 133 235
 86 134 394
 86 135 354
 86 137 378
 86 138 361
 86 139 327
 86 140 521
 86 150 577
 87 123 90
 87 124 125
 87 125 88
 87 126 124
 87 128 110
 87 132 147
 87 133 204
 87 135 217
 87 137 223
 87 139 172
 87 140 227
 87 150 472
 88 110 26
 88 118 118
 88 119 99
 88 121 174
 88 122 106
 88 124 122
 88 127 127
 88 129 152
 88 130 250
 88 133 157
 88 134 168
 88 135 302
 88 137 199
 88 138 233
 88 139 235
 88 140 376
 88 150 363
 89 140 67
 89 145 152
 89 154 311
 90 117 33
 90 122 141
 90 129 149
 90 130 141
 90 132 195
 90 133 140
 90 135 226
 90 137 220
 90 139 193
 90 140 272
 90 142 345
 90 144 404
 90 145 317
 90 147 321
 90 150 313
 90 151 381
 90 154 499
 90 157 498
 91 138 88
 91 144 148
 91 145 189
 91 150 210
 91 154 355
 91 157 314
 92 141 50
 92 150 184
 92 152 150
 92 154 201
 92 157 261
 93 115 81
 93 116 60
 93 117 111
 93 119 76
 93 122 215
 93 124 219
 93 125 199
 93 129 203
 93 130 167
 93 132 213
 93 135 350
 93 137 265
 93 138 311
 93 139 304
 93 140 405
 93 141 356
 93 142 228
 93 144 264
 93 145 439
 93 147 413
 93 150 326
 93 151 336
 93 152 553
 93 154 439
 93 157 584
 94 130 92
 94 132 72
 94 138 181
 94 142 206
 94 145 187
 94 146 291
 94 150 188
 94 151 278
 94 152 390
 94 154 258
 94 157 459
 95 110 7
 95 114 42
 95 116 59
 95 117 59
 95 119 70
 95 125 150
 95 127 132
 95 130 134
 95 131 223
 95 133 200
 95 134 180
 95 139 206
 95 140 355
 95 142 201
 95 144 256
 95 145 234
 95 146 470
 95 147 318
 95 150 264
 95 151 293
 95 152 467
 95 154 346
 95 157 459
 96 138 128
 96 141 163
 96 144 172
 96 146 166
 96 147 273
 96 150 280
 96 151 294
 96 152 241
 96 154 298
 96 157 298
 97 116 22
 97 128 162
 97 134 213
 97 137 241
 97 138 167
 97 139 268
 97 140 189
 97 143 196
 97 144 203
 97 145 316
 97 146 248
 97 147 236
 97 150 410
 97 151 429
 97 152 417
 97 154 394
 97 155 345
 97 157 360
 98 127 56
 98 131 106
 98 132 111
 98 134 118
 98 138 141
 98 141 202
 98 142 196
 98 143 167
 98 144 264
 98 145 262
 98 146 215
 98 150 319
 98 151 231
 98 152 352
 98 154 374
 98 155 385
 98 157 347
 98 162 346
 99 144 52
 99 155 228
 99 157 161
 99 162 332
 100 140 51
 100 143 77
 100 144 71
 100 145 78
 100 152 127
 100 154 251
 100 155 174
 100 157 245
 100 161 310
 101 125 25
 101 129 38
 101 134 64
 101 136 97
 101 139 108
 101 143 155
 101 145 234
 101 147 265
 101 150 305
 101 151 182
 101 154 272
 101 155 332
 101 157 379
 101 161 530
 101 162 483
 102 125 42
 102 131 60
 102 134 89
 102 137 191
 102 138 186
 102 139 199
 102 140 193
 102 141 130
 102 142 138
 102 143 215
 102 144 265
 102 147 330
 102 150 198
 102 151 212
 102 152 293
 102 155 261
 102 157 343
 102 161 487
 102 162 348
 103 161 212
 104 118 25
 104 122 91
 104 131 115
 104 132 180
 104 137 160
 104 138 138
 104 139 211
 104 141 304
 104 143 330
 104 144 283
 104 145 323
 104 146 216
 104 147 322
 104 150 367
 104 151 432
 104 152 349
 104 154 378
 104 155 516
 104 157 341
 104 161 317
 104 162 452
 105 143 58
 105 144 59
 105 145 102
 105 146 123
 105 151 125
 105 155 188
 105 157 197
 105 162 260
 106 131 90
 106 132 69
 106 134 107
 106 135 113
 106 136 167
 106 137 166
 106 140 221
 106 143 260
 106 144 293
 106 145 237
 106 146 306
 106 147 184
 106 148 277
 106 150 236
 106 152 275
 106 154 427
 106 155 422
 106 157 387
 106 161 556
 106 162 462
 107 145 33
 107 151 54
 107 154 124
 107 155 147
 107 157 127
 107 161 170
 107 162 207
 108 128 13
 108 133 51
 108 137 129
 108 138 134
 108 142 175
 108 144 207
 108 145 169
 108 148 240
 108 151 275
 108 152 305
 108 153 236
 108 154 247
 108 155 295
 108 160 361
 108 161 343
 108 162 462
 108 165 283
 108 168 453
 108 172 371
 109 153 85
 109 161 209
 109 162 227
 109 165 176
 110 140 41
 110 145 106
 110 147 96
 110 148 192
 110 150 112
 110 151 178
 110 153 246
 110 154 264
 110 155 178
 110 157 175
 110 161 340
 110 162 324
 110 165 230
 110 168 318
 110 172 452
 111 147 117
 111 150 202
 111 153 235
 111 154 188
 111 158 299
 111 160 222
 111 161 285
 111 162 424
 111 168 272
 111 172 464
 112 147 39
 112 152 77
 112 153 96
 112 159 200
 112 162 219
 112 172 261
 113 147 46
 113 155 150
 113 159 196
 113 160 196
 113 162 169
 113 166 290
 113 168 353
 113 172 352
 114 123 47
 114 129 84
 114 131 78
 114 134 93
 114 136 176
 114 138 199
 114 139 172
 114 140 247
 114 143 274
 114 144 194
 114 145 325
 114 146 233
 114 147 335
 114 148 291
 114 149 270
 114 150 262
 114 151 205
 114 152 381
 114 153 247
 114 154 273
 114 155 434
 114 157 441
 114 158 446
 114 159 517
 114 160 373
 114 161 361
 114 162 396
 114 165 515
 114 166 650
 114 168 555
 114 172 611
 115 153 70
 115 157 122
 115 160 162
 115 165 232
 115 166 270
 115 168 245
 115 172 264
 116 149 51
 116 157 134
 116 161 185
 116 162 167
 116 165 263
 116 166 182
 116 168 290
 117 129 63
 117 133 110
 117 136 149
 117 145 238
 117 146 212
 117 147 290
 117 148 200
 117 149 238
 117 150 280
 117 151 271
 117 153 231
 117 154 428
 117 155 339
 117 156 449
 117 157 350
 117 158 410
 117 159 516
 117 160 510
 117 161 377
 117 162 456
 117 165 329
 117 166 513
 117 168 339
 117 172 472
 118 157 59
 118 160 102
 118 162 154
 118 165 114
 118 166 160
 118 168 241
 118 172 185
 119 144 93
 119 152 185
 119 153 203
 119 157 243
 119 159 267
 119 160 299
 119 165 223
 119 166 370
 119 168 431
 119 169 238
 119 172 264
 120 159 56
 120 169 179
 120 172 127
 120 175 209
 121 161 64
 121 165 58
 121 175 257
 121 178 214
 122 159 116
 122 160 86
 122 165 132
 122 166 135
 122 167 173
 122 169 200
 122 172 193
 122 175 222
 122 178 381
 123 151 100
 123 153 196
 123 157 128
 123 158 237
 123 159 279
 123 162 193
 123 165 240
 123 166 228
 123 167 218
 123 168 389
 123 169 358
 123 172 312
 123 175 458
 123 178 645
 124 166 101
 124 168 102
 124 169 102
 124 175 270
 125 144 100
 125 146 134
 125 149 134
 125 153 168
 125 154 166
 125 159 225
 125 161 298
 125 162 389
 125 165 318
 125 166 290
 125 167 270
 125 168 324
 125 169 329
 125 172 398
 125 175 591
 125 178 571
 126 144 120
 126 145 147
 126 147 121
 126 151 162
 126 153 242
 126 154 175
 126 155 318
 126 156 272
 126 157 217
 126 158 293
 126 159 215
 126 160 216
 126 161 312
 126 162 294
 126 165 410
 126 166 441
 126 167 376
 126 168 358
 126 169 302
 126 172 439
 126 175 585
 126 178 753
 127 136 47
 127 140 101
 127 145 117
 127 149 137
 127 150 139
 127 152 274
 127 153 193
 127 154 323
 127 155 317
 127 156 289
 127 157 259
 127 158 231
 127 159 220
 127 160 311
 127 161 413
 127 162 425
 127 163 455
 127 164 234
 127 165 369
 127 166 357
 127 167 278
 127 168 511
 127 169 437
 127 172 432
 127 175 684
 127 178 495
 128 156 96
 128 161 179
 128 163 245
 128 166 181
 128 167 194
 128 169 313
 128 172 226
 128 175 441
 128 178 435
 129 144 129
 129 145 158
 129 147 169
 129 152 131
 129 153 240
 129 154 268
 129 156 207
 129 157 184
 129 158 222
 129 161 284
 129 162 236
 129 163 277
 129 164 314
 129 165 242
 129 166 429
 129 168 415
 129 169 407
 129 172 406
 129 175 478
 129 178 623
 130 165 58
 130 169 108
 130 172 137
 130 175 280
 130 178 242
 130 180 339
 131 141 39
 131 147 92
 131 148 139
 131 150 143
 131 151 199
 131 153 239
 131 154 262
 131 156 206
 131 157 232
 131 158 302
 131 159 298
 131 160 203
 131 162 271
 131 163 342
 131 164 385
 131 165 278
 131 166 342
 131 167 245
 131 168 242
 131 169 321
 131 172 487
 131 175 614
 131 178 623
 131 179 706
 131 180 405
 132 158 25
 132 164 138
 132 165 113
 132 168 176
 132 169 172
 132 172 159
 132 178 323
 132 179 318
 132 180 338
 132 192 425
 133 146 129
 133 150 120
 133 151 156
 133 155 194
 133 156 289
 133 158 271
 133 161 211
 133 162 209
 133 163 400
 133 164 406
 133 165 339
 133 166 329
 133 167 326
 133 168 447
 133 169 492
 133 172 466
 133 175 465
 133 178 386
 133 179 630
 133 180 545
 133 192 578
 134 156 85
 134 157 105
 134 159 158
 134 161 159
 134 163 155
 134 165 199
 134 166 289
 134 168 247
 134 169 183
 134 170 335
 134 175 323
 134 178 439
 134 179 531
 134 180 450
 134 192 366
 135 159 44
 135 162 50
 135 167 108
 135 172 198
 135 174 208
 135 175 295
 135 176 227
 135 178 232
 135 179 313
 135 180 271
 135 192 353
 136 179 197
 136 180 254
 137 167 73
 137 170 125
 137 174 169
 137 175 237
 137 176 185
 137 178 277
 137 179 245
 137 180 238
 137 192 329
 137 193 432
 138 163 63
 138 171 172
 138 172 129
 138 174 193
 138 176 321
 138 178 327
 138 179 204
 138 192 492
 138 193 395
 139 145 42
 139 148 94
 139 157 184
 139 158 217
 139 159 193
 139 164 259
 139 165 224
 139 166 362
 139 167 248
 139 168 204
 139 169 406
 139 170 279
 139 171 274
 139 172 417
 139 174 431
 139 175 318
 139 176 514
 139 178 453
 139 179 409
 139 180 396
 139 190 438
 139 192 767
 139 193 406
 140 163 100
 140 167 187
 140 169 194
 140 171 158
 140 172 228
 140 173 223
 140 175 394
 140 176 349
 140 178 439
 140 179 411
 140 180 328
 140 181 427
 140 183 456
 140 190 441
 140 192 426
 140 193 430
 140 196 530
 140 198 637
 141 171 64
 141 176 141
 141 180 179
 141 181 279
 141 183 213
 141 190 343
 141 192 418
 141 193 323
 141 196 442
 141 198 276
 142 168 47
 142 175 252
 142 178 177
 142 179 282
 142 181 235
 142 183 378
 142 190 436
 142 192 270
 142 193 274
 142 196 371
 142 198 504
 143 176 144
 143 178 160
 143 179 238
 143 180 155
 143 182 178
 143 183 152
 143 192 184
 143 193 231
 143 195 382
 143 196 209
 143 198 273
 144 172 64
 144 178 198
 144 179 299
 144 180 183
 144 181 255
 144 183 225
 144 192 417
 144 193 363
 144 195 320
 144 196 417
 144 198 349
 145 165 4
 145 166 26
 145 169 46
 145 174 148
 145 175 233
 145 176 133
 145 178 162
 145 180 180
 145 182 343
 145 183 367
 145 190 414
 145 192 451
 145 193 332
 145 195 467
 145 196 332
 145 198 422
 146 172 45
 146 178 188
 146 179 175
 146 180 160
 146 181 209
 146 183 278
 146 189 321
 146 190 393
 146 192 205
 146 193 348
 146 195 234
 146 196 413
 146 198 355
 146 199 444
 147 172 120
 147 175 193
 147 178 274
 147 179 327
 147 180 308
 147 182 361
 147 183 306
 147 189 309
 147 190 363
 147 192 381
 147 193 442
 147 195 372
 147 196 365
 147 198 529
 147 199 413
 148 190 147
 148 192 197
 148 193 249
 148 195 164
 148 196 230
 148 198 268
 148 199 257
 149 175 33
 149 179 63
 149 180 87
 149 193 166
 149 194 204
 149 195 175
 149 198 240
 149 199 197
 150 168 212
 150 170 217
 150 172 260
 150 174 271
 150 175 235
 150 176 264
 150 178 337
 150 179 460
 150 180 325
 150 181 460
 150 182 388
 150 183 526
 150 189 344
 150 190 342
 150 192 512
 150 193 342
 150 194 642
 150 195 618
 150 196 465
 150 198 468
 150 199 475
 151 171 128
 151 172 68
 151 175 247
 151 179 285
 151 181 326
 151 183 345
 151 185 412
 151 189 440
 151 190 336
 151 192 369
 151 193 394
 151 194 299
 151 195 301
 151 196 449
 151 198 495
 151 199 353
 152 175 153
 152 177 209
 152 178 167
 152 179 291
 152 180 236
 152 181 242
 152 184 255
 152 185 215
 152 189 220
 152 192 248
 152 195 413
 152 196 406
 152 198 382
 152 199 301
 153 179 105
 153 181 99
 153 184 113
 153 185 198
 153 189 199
 153 190 121
 153 192 159
 153 195 245
 153 196 202
 153 198 211
 154 173 121
 154 177 244
 154 178 163
 154 180 323
 154 181 258
 154 182 198
 154 184 205
 154 185 293
 154 188 265
 154 189 350
 154 190 365
 154 191 436
 154 192 346
 154 193 268
 154 194 458
 154 195 339
 154 196 352
 154 198 445
 154 199 507
 155 176 105
 155 181 143
 155 185 230
 155 188 330
 155 190 359
 155 192 260
 155 193 268
 155 194 382
 155 195 337
 155 196 220
 155 198 364
 155 199 462
 156 189 124
 156 192 107
 156 198 200
 157 175 202
 157 176 206
 157 177 143
 157 178 240
 157 179 266
 157 180 305
 157 181 266
 157 182 192
 157 184 279
 157 185 377
 157 189 249
 157 190 300
 157 191 390
 157 193 238
 157 194 285
 157 195 387
 157 196 265
 157 198 344
 157 199 344
 158 177 26
 158 179 40
 158 180 51
 158 186 110
 158 187 120
 158 191 158
 158 194 217
 158 198 207
 159 192 137
 159 193 142
 159 194 165
 159 196 121
 159 200 211
 160 184 119
 160 185 147
 160 190 201
 160 191 224
 160 193 209
 160 194 242
 160 195 203
 160 196 199
 160 198 181
 160 199 311
 160 200 279
 161 175 52
 161 178 159
 161 179 107
 161 188 237
 161 189 237
 161 192 227
 161 193 206
 161 194 293
 161 196 256
 161 199 269
 161 200 288
 162 171 22
 162 177 143
 162 179 219
 162 180 174
 162 183 248
 162 184 184
 162 185 306
 162 186 160
 162 187 174
 162 188 282
 162 189 329
 162 192 313
 162 193 351
 162 194 323
 162 195 207
 162 196 393
 162 198 231
 162 199 340
 162 200 430
 163 200 122
 164 195 31
 164 199 109
 165 185 155
 165 191 206
 165 192 149
 165 194 252
 165 195 156
 165 198 194
 165 199 293
 165 200 196
 166 180 45
 166 182 49
 166 189 136
 166 194 162
 166 195 169
 166 197 190
 166 198 248
 166 200 158
 167 190 63
 167 195 136
 167 196 148
 167 200 176
 168 178 50
 168 180 61
 168 184 100
 168 187 126
 168 189 143
 168 190 166
 168 193 136
 168 194 149
 168 197 179
 168 198 249
 168 199 229
 169 185 65
 169 194 107
 169 195 129
 169 196 164
 169 198 176
 169 200 235
 172 177 70
 172 179 92
 172 180 77
 172 183 146
 172 184 95
 172 189 184
 172 191 215
 172 193 220
 172 194 201
 172 195 139
 172 196 189
 172 197 277
 172 198 230
 172 199 193
 175 187 50
 175 191 80
 175 197 129
 175 198 104
 178 192 63
 178 195 75
 178 196 109
 179 198 81
 180 198 66
