 300 480
 6 86
 9 169
 10 82
 15 216
 17 147
 19 256
 20 153
 21 255
 23 73
 29 83
 31 61
 33 62
 47 227
 48 66
 56 72
 62 254
 75 99
 79 283
 80 225
 80 214
 81 188
 83 112
 84 180
 86 118
 93 225
 95 176
 98 310
 98 236
 103 241
 118 194
 123 331
 126 194
 126 160
 128 193
 133 271
 135 275
 135 177
 135 367
 135 205
 140 364
 141 340
 143 313
 151 187
 154 246
 155 199
 156 228
 168 265
 169 195
 186 213
 187 305
 188 223
 192 236
 199 357
 204 414
 204 426
 205 253
 208 292
 210 293
 216 403
 221 301
 232 258
 237 338
 243 280
 259 396
 259 306
 262 413
 268 338
 274 317
 289 465
 290 435
 309 509
 311 453
 331 352
 331 358
 335 398
 341 416
 342 420
 343 402
 344 510
 346 407
 347 415
 353 487
 353 554
 360 381
 363 462
 363 401
 365 456
 368 459
 385 548
 390 434
 391 564
 392 493
 396 477
 397 518
 398 445
 410 618
 411 429
 416 612
 417 507
 418 573
 418 484
 419 563
 421 444
 425 539
 445 672
 445 517
 460 557
 460 513
 462 517
 465 481
 467 703
 472 637
 479 667
 484 532
 494 626
 495 705
 502 563
 521 737
 522 543
 536 560
 541 579
 543 677
 545 719
 549 582
 549 591
 552 692
 574 709
 575 791
 579 605
 590 645
 598 719
 606 632
 609 803
 614 672
 626 819
 626 683
 635 722
 637 796
 644 806
 644 690
 652 853
 657 804
 658 697
 660 678
 664 901
 666 808
 670 857
 671 821
 672 859
 688 906
 693 806
 694 775
 697 759
 698 934
 700 792
 700 737
 708 828
 714 943
 715 871
 717 844
 718 807
 726 920
 734 945
 735 926
 742 907
 743 836
 751 953
 760 799
 766 825
 775 963
 777 799
 782 922
 788 879
 788 1007
 790 909
 794 925
 796 859
 799 965
 800 914
 810 874
 812 970
 814 949
 814 882
 814 975
 816 992
 819 864
 822 1060
 829 869
 831 901
 833 966
 835 1050
 838 929
 859 987
 868 1071
 869 936
 870 917
 880 914
 885 1122
 886 1001
 889 939
 892 1081
 921 1144
 921 1098
 928 991
 929 1064
 935 1109
 936 1028
 967 1001
 972 1151
 974 1101
 974 1121
 983 1188
 990 1095
 1006 1203
 1016 1089
 1017 1150
 1017 1234
 1035 1223
 1035 1121
 1035 1128
 1042 1199
 1046 1214
 1056 1144
 1060 1220
 1065 1224
 1074 1233
 1074 1163
 1098 1252
 1100 1267
 1102 1321
 1104 1311
 1108 1220
 1112 1243
 1121 1217
 1134 1275
 1138 1283
 1140 1372
 1143 1343
 1143 1377
 1154 1288
 1158 1226
 1159 1293
 1167 1399
 1171 1306
 1182 1209
 1185 1278
 1195 1295
 1196 1404
 1202 1384
 1207 1292
 1211 1279
 1222 1461
 1226 1400
 1240 1315
 1240 1276
 1242 1387
 1252 1415
 1255 1316
 1259 1409
 1259 1454
 1261 1337
 1263 1383
 1277 1312
 1278 1441
 1280 1498
 1291 1487
 1292 1352
 1296 1524
 1297 1316
 1298 1508
 1299 1441
 1300 1341
 1301 1356
 1308 1456
 1309 1549
 1317 1423
 1320 1427
 1321 1445
 1324 1413
 1325 1525
 1326 1500
 1327 1500
 1338 1381
 1343 1415
 1352 1511
 1352 1408
 1368 1524
 1371 1460
 1375 1611
 1376 1469
 1387 1453
 1389 1482
 1395 1503
 1396 1463
 1396 1604
 1399 1587
 1403 1499
 1416 1604
 1432 1459
 1437 1484
 1 31 63
 1 38 80
 1 43 127
 1 44 132
 1 45 104
 1 47 107
 1 48 86
 1 53 212
 1 54 178
 1 55 172
 1 56 141
 1 59 194
 1 61 187
 1 63 305
 1 65 312
 1 66 302
 1 67 260
 1 68 335
 1 69 230
 1 70 283
 1 72 239
 1 73 302
 1 74 335
 1 75 302
 1 76 272
 1 77 365
 1 78 445
 1 80 310
 1 81 382
 1 84 402
 1 85 439
 1 86 492
 1 87 535
 1 88 477
 1 90 497
 1 93 445
 1 95 331
 1 97 345
 1 101 612
 1 103 476
 1 110 558
 2 56 72
 2 60 68
 2 66 155
 2 68 107
 2 70 213
 2 72 284
 2 73 297
 2 74 298
 2 75 323
 2 76 203
 2 77 252
 2 78 263
 2 80 346
 2 82 263
 2 85 309
 2 87 357
 2 88 201
 2 90 362
 2 93 315
 2 95 273
 2 97 294
 2 101 474
 2 103 273
 2 110 585
 3 24 5
 3 42 90
 3 44 124
 3 46 122
 3 47 105
 3 49 122
 3 52 121
 3 53 183
 3 55 135
 3 56 203
 3 57 196
 3 59 257
 3 60 237
 3 63 277
 3 65 195
 3 66 220
 3 67 365
 3 68 346
 3 70 229
 3 72 257
 3 73 484
 3 74 493
 3 75 281
 3 76 267
 3 77 482
 3 78 407
 3 80 360
 3 81 288
 3 82 465
 3 84 361
 3 85 512
 3 86 397
 3 87 491
 3 88 507
 3 90 442
 3 93 342
 3 95 605
 3 97 532
 3 101 419
 3 103 413
 3 110 728
 4 67 96
 4 68 89
 4 69 123
 4 70 127
 4 74 214
 4 75 217
 4 76 221
 4 77 231
 4 82 232
 4 84 239
 4 86 149
 4 88 166
 4 90 309
 4 93 333
 4 95 186
 4 97 284
 4 101 392
 4 103 296
 4 110 320
 5 49 49
 5 54 93
 5 63 161
 5 64 199
 5 65 169
 5 69 202
 5 72 268
 5 73 363
 5 74 188
 5 75 267
 5 76 262
 5 77 342
 5 78 322
 5 81 385
 5 82 330
 5 84 356
 5 85 282
 5 86 369
 5 87 418
 5 88 429
 5 90 260
 5 92 311
 5 93 257
 5 95 475
 5 97 464
 5 101 415
 5 103 465
 5 110 634
 6 74 101
 6 75 105
 6 80 95
 6 82 126
 6 86 110
 6 92 192
 6 95 159
 6 97 270
 6 101 235
 6 103 313
 6 110 373
 7 55 81
 7 56 75
 7 59 82
 7 62 146
 7 64 135
 7 68 184
 7 69 252
 7 72 236
 7 73 242
 7 74 240
 7 75 359
 7 76 272
 7 77 292
 7 80 220
 7 81 336
 7 84 272
 7 85 339
 7 86 300
 7 87 372
 7 88 242
 7 90 434
 7 92 364
 7 93 389
 7 95 332
 7 97 316
 7 101 396
 7 103 365
 7 110 449
 8 68 20
 8 73 94
 8 75 123
 8 80 145
 8 84 132
 8 86 166
 8 90 203
 8 92 265
 8 93 277
 8 95 232
 8 97 217
 8 101 311
 8 103 329
 8 110 376
 9 30 52
 9 39 92
 9 45 145
 9 46 148
 9 47 128
 9 49 134
 9 52 134
 9 54 247
 9 55 194
 9 56 211
 9 58 193
 9 60 294
 9 62 296
 9 63 283
 9 65 362
 9 66 309
 9 67 325
 9 68 221
 9 69 352
 9 70 346
 9 72 261
 9 73 488
 9 74 265
 9 75 335
 9 76 347
 9 77 533
 9 78 450
 9 80 492
 9 81 467
 9 82 370
 9 84 407
 9 85 571
 9 86 384
 9 87 566
 9 88 352
 9 90 524
 9 92 534
 9 93 418
 9 95 521
 9 97 551
 9 101 566
 9 103 378
 9 110 609
 10 31 64
 10 39 76
 10 40 78
 10 41 104
 10 48 89
 10 49 137
 10 50 152
 10 53 126
 10 55 236
 10 56 142
 10 58 194
 10 59 202
 10 60 148
 10 61 215
 10 62 253
 10 63 201
 10 65 257
 10 68 220
 10 69 378
 10 70 222
 10 71 443
 10 72 401
 10 73 291
 10 74 359
 10 75 448
 10 76 308
 10 77 297
 10 78 438
 10 80 369
 10 81 483
 10 82 537
 10 84 307
 10 85 560
 10 86 371
 10 87 504
 10 88 338
 10 90 342
 10 92 583
 10 93 616
 10 95 512
 10 97 576
 10 99 570
 10 101 496
 10 103 564
 10 110 449
 11 31 105
 11 32 107
 11 33 78
 11 34 133
 11 36 117
 11 40 97
 11 41 88
 11 44 183
 11 46 111
 11 47 174
 11 48 124
 11 49 210
 11 50 183
 11 51 169
 11 54 148
 11 56 156
 11 57 210
 11 58 243
 11 59 206
 11 63 329
 11 64 264
 11 65 365
 11 66 325
 11 67 228
 11 68 365
 11 69 386
 11 70 294
 11 71 336
 11 72 268
 11 73 474
 11 74 504
 11 75 505
 11 76 462
 11 77 449
 11 78 296
 11 79 350
 11 80 289
 11 81 459
 11 82 411
 11 84 417
 11 85 590
 11 86 421
 11 87 500
 11 88 575
 11 90 530
 11 92 626
 11 93 353
 11 95 362
 11 97 609
 11 99 397
 11 101 405
 11 103 409
 11 110 483
 12 29 65
 12 30 87
 12 32 71
 12 34 123
 12 36 101
 12 37 125
 12 40 92
 12 41 156
 12 46 131
 12 47 206
 12 48 121
 12 49 197
 12 50 165
 12 52 177
 12 54 275
 12 55 220
 12 59 284
 12 60 208
 12 61 216
 12 62 188
 12 64 236
 12 65 318
 12 66 245
 12 67 261
 12 68 302
 12 69 379
 12 70 456
 12 71 257
 12 72 413
 12 73 363
 12 74 387
 12 75 442
 12 76 420
 12 77 547
 12 78 465
 12 79 558
 12 80 313
 12 81 317
 12 82 536
 12 84 546
 12 85 488
 12 86 567
 12 87 407
 12 88 326
 12 90 470
 12 92 345
 12 93 480
 12 95 460
 12 97 691
 12 99 556
 12 101 633
 12 103 380
 12 108 531
 12 110 510
 13 64 46
 13 71 94
 13 74 110
 13 77 143
 13 78 169
 13 82 181
 13 84 228
 13 85 137
 13 90 223
 13 92 285
 13 94 171
 13 95 261
 13 97 314
 13 99 247
 13 101 199
 13 106 246
 13 108 455
 13 109 412
 13 110 396
 14 25 54
 14 28 39
 14 40 121
 14 41 91
 14 44 149
 14 50 185
 14 53 212
 14 54 160
 14 56 263
 14 57 234
 14 59 169
 14 60 247
 14 61 332
 14 62 246
 14 64 198
 14 65 266
 14 66 372
 14 67 248
 14 68 361
 14 69 277
 14 70 383
 14 71 317
 14 72 386
 14 73 276
 14 74 269
 14 75 356
 14 76 311
 14 77 500
 14 78 312
 14 79 419
 14 80 542
 14 81 550
 14 82 406
 14 84 454
 14 85 399
 14 86 300
 14 87 385
 14 88 360
 14 90 370
 14 92 509
 14 93 619
 14 94 353
 14 95 600
 14 97 483
 14 99 492
 14 101 571
 14 103 521
 14 106 694
 14 108 480
 14 109 513
 14 110 620
 15 21 17
 15 29 45
 15 36 75
 15 38 75
 15 40 93
 15 42 78
 15 44 105
 15 45 92
 15 48 169
 15 52 177
 15 53 137
 15 54 201
 15 55 143
 15 58 217
 15 60 212
 15 62 249
 15 63 190
 15 64 253
 15 65 228
 15 66 350
 15 67 262
 15 68 353
 15 70 299
 15 71 250
 15 72 278
 15 73 466
 15 74 450
 15 75 506
 15 76 291
 15 77 306
 15 78 356
 15 79 390
 15 80 413
 15 81 418
 15 82 344
 15 84 364
 15 85 567
 15 86 297
 15 87 492
 15 88 365
 15 90 458
 15 92 503
 15 93 438
 15 94 520
 15 95 535
 15 97 580
 15 99 577
 15 101 615
 15 103 650
 15 106 673
 15 108 426
 15 109 593
 15 110 404
 15 114 690
 16 73 135
 16 76 98
 16 77 148
 16 78 105
 16 81 182
 16 84 121
 16 85 123
 16 87 175
 16 95 190
 16 97 299
 16 99 320
 16 104 209
 16 106 210
 16 108 292
 16 109 336
 16 110 403
 16 114 274
 17 31 40
 17 38 59
 17 39 67
 17 47 103
 17 48 113
 17 49 130
 17 51 135
 17 53 174
 17 56 149
 17 58 118
 17 60 216
 17 61 253
 17 63 158
 17 64 295
 17 65 172
 17 67 249
 17 68 277
 17 69 247
 17 70 312
 17 71 357
 17 73 338
 17 74 364
 17 75 310
 17 76 417
 17 77 252
 17 78 464
 17 79 368
 17 80 472
 17 81 353
 17 82 423
 17 83 486
 17 84 416
 17 85 366
 17 86 296
 17 87 470
 17 88 411
 17 89 443
 17 90 332
 17 92 324
 17 93 469
 17 94 395
 17 95 469
 17 97 456
 17 99 490
 17 101 571
 17 103 643
 17 104 467
 17 106 485
 17 108 535
 17 109 372
 17 110 450
 17 114 406
 17 119 496
 18 81 68
 18 82 123
 18 86 143
 18 87 104
 18 88 167
 18 89 193
 18 90 162
 18 97 250
 18 101 192
 18 107 205
 18 108 319
 18 109 273
 18 110 208
 18 114 343
 18 119 450
 19 65 55
 19 71 164
 19 72 137
 19 74 164
 19 75 126
 19 77 119
 19 78 157
 19 79 222
 19 83 242
 19 89 164
 19 90 232
 19 93 290
 19 94 213
 19 95 224
 19 97 322
 19 99 283
 19 101 376
 19 103 284
 19 104 364
 19 106 430
 19 107 256
 19 108 320
 19 109 458
 19 110 360
 19 114 283
 19 119 406
 19 120 456
 20 63 47
 20 66 52
 20 74 229
 20 75 192
 20 80 178
 20 83 207
 20 87 261
 20 89 260
 20 90 191
 20 93 334
 20 94 308
 20 95 189
 20 97 281
 20 99 319
 20 101 385
 20 103 409
 20 104 382
 20 106 267
 20 107 247
 20 108 318
 20 109 496
 20 110 456
 20 114 530
 20 119 579
 20 120 395
 21 60 44
 21 61 49
 21 65 137
 21 66 95
 21 67 138
 21 70 155
 21 72 171
 21 73 251
 21 74 152
 21 75 260
 21 77 211
 21 78 226
 21 83 300
 21 84 222
 21 87 224
 21 89 388
 21 90 366
 21 92 223
 21 93 402
 21 95 271
 21 97 228
 21 99 388
 21 101 353
 21 103 288
 21 104 434
 21 106 440
 21 107 441
 21 108 532
 21 109 392
 21 110 449
 21 114 423
 21 119 530
 21 120 501
 22 40 51
 22 46 86
 22 49 88
 22 50 121
 22 55 176
 22 57 174
 22 58 191
 22 62 224
 22 64 187
 22 66 221
 22 67 261
 22 68 178
 22 69 268
 22 70 213
 22 71 346
 22 72 210
 22 73 381
 22 76 411
 22 77 325
 22 78 242
 22 79 297
 22 80 449
 22 81 315
 22 82 469
 22 83 254
 22 84 309
 22 85 336
 22 86 455
 22 87 469
 22 88 358
 22 89 541
 22 90 464
 22 92 437
 22 93 562
 22 94 292
 22 95 525
 22 97 446
 22 99 600
 22 101 612
 22 102 480
 22 103 594
 22 104 334
 22 106 405
 22 107 561
 22 108 379
 22 109 696
 22 110 430
 22 114 642
 22 117 624
 22 119 679
 22 120 710
 23 49 7
 23 64 120
 23 65 155
 23 68 112
 23 69 124
 23 70 176
 23 73 180
 23 75 172
 23 76 266
 23 77 245
 23 78 298
 23 79 275
 23 81 236
 23 82 316
 23 83 320
 23 84 292
 23 86 292
 23 87 262
 23 88 258
 23 89 342
 23 90 400
 23 91 254
 23 92 399
 23 93 251
 23 94 254
 23 95 418
 23 97 385
 23 99 441
 23 101 469
 23 102 439
 23 103 291
 23 104 377
 23 106 340
 23 107 521
 23 108 397
 23 109 308
 23 110 470
 23 114 430
 23 117 554
 23 119 361
 23 120 556
 24 37 25
 24 47 84
 24 51 112
 24 53 87
 24 54 171
 24 55 98
 24 60 153
 24 61 222
 24 62 238
 24 64 228
 24 67 300
 24 68 304
 24 69 315
 24 70 257
 24 71 196
 24 72 205
 24 74 219
 24 75 357
 24 76 429
 24 77 284
 24 78 448
 24 79 266
 24 80 370
 24 81 233
 24 82 258
 24 83 369
 24 84 461
 24 85 263
 24 86 480
 24 87 390
 24 88 331
 24 89 503
 24 90 458
 24 91 303
 24 92 437
 24 93 535
 24 94 385
 24 95 290
 24 97 336
 24 99 411
 24 101 382
 24 102 362
 24 103 415
 24 104 601
 24 106 506
 24 107 556
 24 108 523
 24 109 680
 24 110 651
 24 114 685
 24 117 541
 24 119 628
 24 120 677
 25 66 39
 25 68 69
 25 74 123
 25 78 221
 25 84 269
 25 85 275
 25 87 254
 25 88 229
 25 89 179
 25 91 195
 25 95 226
 25 97 251
 25 100 253
 25 101 200
 25 102 312
 25 103 337
 25 104 323
 25 106 317
 25 107 397
 25 108 256
 25 109 287
 25 110 280
 25 114 491
 25 117 357
 25 119 432
 25 120 491
 26 55 47
 26 65 157
 26 68 141
 26 70 227
 26 72 170
 26 73 278
 26 74 247
 26 76 191
 26 77 307
 26 78 172
 26 80 201
 26 83 270
 26 84 328
 26 86 348
 26 88 377
 26 89 408
 26 90 370
 26 91 222
 26 92 372
 26 93 290
 26 94 417
 26 95 405
 26 97 321
 26 99 339
 26 100 395
 26 101 390
 26 102 396
 26 103 350
 26 104 446
 26 106 407
 26 107 419
 26 108 406
 26 109 307
 26 110 577
 26 114 572
 26 117 539
 26 119 489
 26 120 576
 27 74 23
 27 76 36
 27 79 68
 27 80 72
 27 83 75
 27 84 69
 27 89 147
 27 92 158
 27 97 155
 27 101 127
 27 104 224
 27 107 278
 27 108 264
 27 109 160
 27 110 199
 27 114 304
 27 117 286
 27 119 223
 27 120 240
 28 70 61
 28 72 130
 28 73 121
 28 75 149
 28 77 191
 28 81 186
 28 82 122
 28 84 215
 28 85 226
 28 88 251
 28 90 186
 28 91 194
 28 92 303
 28 93 187
 28 94 196
 28 97 226
 28 99 307
 28 100 220
 28 101 234
 28 103 224
 28 104 209
 28 106 378
 28 107 315
 28 108 387
 28 109 437
 28 110 390
 28 114 348
 28 117 425
 28 119 504
 28 120 408
 29 67 46
 29 70 71
 29 72 111
 29 73 176
 29 76 123
 29 77 111
 29 82 119
 29 83 182
 29 85 180
 29 87 210
 29 91 278
 29 92 182
 29 94 216
 29 100 263
 29 101 200
 29 102 202
 29 103 360
 29 104 323
 29 106 350
 29 107 379
 29 108 408
 29 109 337
 29 110 282
 29 114 435
 29 117 264
 29 119 383
 29 120 457
 29 121 407
 29 124 405
 30 63 95
 30 64 73
 30 66 133
 30 68 118
 30 69 164
 30 70 150
 30 72 195
 30 79 247
 30 81 173
 30 82 258
 30 83 193
 30 84 264
 30 85 201
 30 86 320
 30 87 307
 30 89 202
 30 90 381
 30 91 284
 30 93 233
 30 94 220
 30 95 302
 30 97 226
 30 99 347
 30 100 295
 30 101 401
 30 102 318
 30 103 400
 30 104 259
 30 106 332
 30 107 297
 30 108 376
 30 109 417
 30 110 444
 30 114 336
 30 117 455
 30 119 339
 30 120 599
 30 121 411
 30 124 604
 30 125 527
 31 78 23
 31 80 25
 31 95 82
 31 99 120
 31 101 151
 31 102 107
 31 104 155
 31 106 176
 31 107 226
 31 108 252
 31 109 136
 31 114 181
 31 117 192
 31 119 248
 31 120 310
 31 121 220
 31 124 380
 31 125 369
 32 67 103
 32 68 159
 32 73 230
 32 74 249
 32 76 171
 32 77 210
 32 79 295
 32 80 244
 32 81 231
 32 82 173
 32 83 236
 32 84 244
 32 85 284
 32 86 323
 32 88 348
 32 89 213
 32 90 253
 32 91 313
 32 92 364
 32 93 274
 32 94 311
 32 95 301
 32 97 307
 32 99 258
 32 100 373
 32 101 327
 32 102 250
 32 104 368
 32 106 498
 32 107 430
 32 108 358
 32 109 493
 32 110 417
 32 114 469
 32 117 309
 32 119 530
 32 120 432
 32 121 668
 32 124 665
 32 125 441
 32 129 626
 33 48 10
 33 53 67
 33 56 65
 33 57 64
 33 58 65
 33 61 104
 33 63 156
 33 65 192
 33 70 227
 33 71 276
 33 75 268
 33 76 247
 33 77 292
 33 78 248
 33 79 267
 33 80 213
 33 81 359
 33 83 361
 33 84 306
 33 85 397
 33 86 246
 33 87 233
 33 88 378
 33 90 453
 33 92 423
 33 93 363
 33 94 440
 33 95 261
 33 97 464
 33 99 285
 33 100 403
 33 101 360
 33 102 319
 33 103 514
 33 104 526
 33 106 482
 33 107 343
 33 108 330
 33 109 479
 33 110 414
 33 114 363
 33 117 425
 33 119 541
 33 120 611
 33 121 567
 33 124 693
 33 125 498
 33 129 665
 34 59 43
 34 60 40
 34 62 47
 34 66 127
 34 69 119
 34 70 141
 34 73 193
 34 74 260
 34 75 199
 34 78 283
 34 79 203
 34 80 173
 34 81 186
 34 83 269
 34 84 176
 34 85 201
 34 86 215
 34 87 187
 34 89 203
 34 90 391
 34 91 260
 34 92 260
 34 93 388
 34 97 378
 34 99 402
 34 100 341
 34 101 323
 34 102 447
 34 103 253
 34 104 288
 34 106 274
 34 107 367
 34 108 299
 34 109 423
 34 110 287
 34 114 375
 34 117 561
 34 119 449
 34 120 573
 34 121 679
 34 124 538
 34 125 629
 34 129 575
 35 79 127
 35 81 132
 35 84 174
 35 86 123
 35 93 179
 35 94 198
 35 97 209
 35 98 244
 35 99 182
 35 100 245
 35 101 231
 35 102 188
 35 103 226
 35 104 253
 35 106 269
 35 107 371
 35 108 213
 35 109 265
 35 110 344
 35 114 240
 35 117 332
 35 119 474
 35 120 297
 35 121 466
 35 124 491
 35 125 326
 35 129 316
 36 79 107
 36 84 90
 36 85 165
 36 87 110
 36 89 117
 36 90 199
 36 93 174
 36 94 138
 36 95 238
 36 97 148
 36 98 281
 36 99 228
 36 102 165
 36 104 300
 36 106 172
 36 107 356
 36 108 358
 36 110 372
 36 114 375
 36 117 366
 36 119 342
 36 120 485
 36 121 342
 36 124 482
 36 125 278
 36 129 459
 37 53 44
 37 61 69
 37 68 116
 37 69 163
 37 70 223
 37 74 224
 37 75 236
 37 76 319
 37 77 228
 37 78 298
 37 81 194
 37 83 188
 37 84 360
 37 85 322
 37 86 284
 37 87 202
 37 88 361
 37 89 213
 37 90 234
 37 91 295
 37 92 417
 37 93 336
 37 94 283
 37 95 292
 37 97 428
 37 98 324
 37 99 469
 37 100 296
 37 101 360
 37 102 339
 37 103 389
 37 104 418
 37 106 510
 37 107 464
 37 108 529
 37 109 355
 37 110 521
 37 114 541
 37 117 347
 37 119 535
 37 120 511
 37 121 473
 37 124 568
 37 125 717
 37 129 427
 38 97 70
 38 101 97
 38 103 88
 38 106 103
 38 107 140
 38 117 211
 38 119 209
 38 121 217
 38 125 184
 38 129 343
 39 62 40
 39 70 110
 39 72 190
 39 73 185
 39 74 241
 39 75 231
 39 79 173
 39 85 290
 39 86 247
 39 87 173
 39 88 260
 39 89 185
 39 90 212
 39 91 233
 39 92 302
 39 93 244
 39 94 337
 39 97 336
 39 98 260
 39 99 403
 39 100 308
 39 101 321
 39 102 315
 39 103 222
 39 104 229
 39 106 331
 39 107 266
 39 108 416
 39 109 415
 39 110 442
 39 114 517
 39 117 358
 39 119 525
 39 120 502
 39 121 389
 39 124 563
 39 125 614
 39 129 548
 40 102 80
 40 114 181
 40 117 222
 40 119 287
 40 120 200
 40 124 351
 40 125 295
 40 129 429
 41 93 71
 41 97 109
 41 98 109
 41 100 137
 41 104 142
 41 108 225
 41 109 151
 41 114 162
 41 117 187
 41 119 361
 41 120 258
 41 121 276
 41 124 337
 41 125 213
 41 129 361
 42 75 25
 42 80 50
 42 81 57
 42 82 48
 42 83 58
 42 90 133
 42 93 145
 42 97 195
 42 100 126
 42 102 203
 42 106 222
 42 107 235
 42 108 190
 42 110 228
 42 117 261
 42 119 339
 42 120 331
 42 121 294
 42 124 372
 42 125 273
 42 129 285
 43 62 93
 43 63 99
 43 64 134
 43 65 99
 43 68 116
 43 70 165
 43 72 234
 43 73 262
 43 74 145
 43 76 254
 43 77 309
 43 81 302
 43 82 293
 43 83 256
 43 84 240
 43 86 274
 43 87 296
 43 88 210
 43 89 375
 43 90 328
 43 91 352
 43 94 406
 43 95 411
 43 97 274
 43 98 252
 43 99 413
 43 100 413
 43 101 386
 43 102 434
 43 103 348
 43 104 436
 43 106 290
 43 107 447
 43 108 321
 43 109 531
 43 110 555
 43 114 549
 43 115 564
 43 117 438
 43 119 496
 43 120 400
 43 121 513
 43 124 651
 43 125 617
 43 129 657
 44 66 22
 44 76 118
 44 80 128
 44 81 164
 44 86 208
 44 90 195
 44 93 238
 44 94 301
 44 97 168
 44 98 297
 44 99 332
 44 101 293
 44 102 323
 44 103 304
 44 106 226
 44 107 304
 44 108 359
 44 109 312
 44 110 428
 44 114 286
 44 115 351
 44 117 371
 44 119 455
 44 120 347
 44 121 309
 44 124 528
 44 125 467
 44 129 344
 44 132 379
 45 57 11
 45 61 54
 45 69 125
 45 71 123
 45 74 234
 45 76 188
 45 77 209
 45 78 250
 45 81 233
 45 83 173
 45 84 258
 45 85 320
 45 86 186
 45 89 236
 45 90 354
 45 91 381
 45 93 323
 45 94 339
 45 95 359
 45 96 323
 45 97 261
 45 98 247
 45 99 296
 45 100 359
 45 101 253
 45 102 414
 45 103 235
 45 104 252
 45 106 445
 45 107 376
 45 108 429
 45 109 350
 45 110 522
 45 114 355
 45 115 426
 45 117 369
 45 119 398
 45 120 620
 45 121 570
 45 124 369
 45 125 591
 45 129 661
 45 132 758
 46 65 62
 46 66 54
 46 74 171
 46 75 143
 46 76 208
 46 79 190
 46 81 126
 46 83 245
 46 88 210
 46 90 197
 46 91 193
 46 92 191
 46 94 193
 46 95 308
 46 97 339
 46 98 287
 46 99 241
 46 100 221
 46 102 327
 46 104 383
 46 106 314
 46 107 394
 46 108 302
 46 109 308
 46 110 243
 46 114 271
 46 115 498
 46 117 487
 46 119 406
 46 120 616
 46 121 504
 46 124 531
 46 125 391
 46 129 564
 46 132 567
 47 69 28
 47 72 61
 47 74 116
 47 75 77
 47 77 85
 47 78 136
 47 84 151
 47 86 184
 47 87 120
 47 88 201
 47 92 223
 47 93 136
 47 94 136
 47 100 298
 47 101 218
 47 102 298
 47 103 281
 47 104 166
 47 107 337
 47 108 329
 47 109 363
 47 110 270
 47 112 220
 47 114 343
 47 115 303
 47 117 470
 47 119 365
 47 120 490
 47 121 469
 47 124 310
 47 125 527
 47 129 331
 47 130 508
 47 132 485
 48 61 45
 48 62 61
 48 63 61
 48 69 178
 48 70 125
 48 72 224
 48 73 260
 48 75 189
 48 76 259
 48 77 288
 48 78 277
 48 80 193
 48 82 303
 48 83 196
 48 84 319
 48 85 298
 48 86 195
 48 88 334
 48 89 379
 48 90 242
 48 92 317
 48 94 216
 48 95 384
 48 96 265
 48 97 275
 48 98 429
 48 99 313
 48 100 227
 48 101 265
 48 102 345
 48 103 387
 48 104 390
 48 106 443
 48 107 492
 48 108 519
 48 109 350
 48 110 346
 48 112 454
 48 114 483
 48 115 520
 48 117 516
 48 119 654
 48 120 441
 48 121 351
 48 124 586
 48 125 702
 48 129 440
 48 130 632
 48 132 435
 49 70 96
 49 71 103
 49 72 101
 49 73 184
 49 77 220
 49 80 182
 49 82 215
 49 83 194
 49 85 205
 49 87 203
 49 88 224
 49 89 211
 49 90 236
 49 94 266
 49 95 243
 49 96 301
 49 97 289
 49 99 272
 49 100 272
 49 102 215
 49 104 418
 49 106 273
 49 107 248
 49 108 312
 49 109 324
 49 110 432
 49 112 410
 49 114 533
 49 115 480
 49 117 523
 49 119 468
 49 120 484
 49 121 612
 49 124 611
 49 125 359
 49 129 426
 49 130 603
 49 132 544
 50 73 52
 50 83 82
 50 84 75
 50 91 170
 50 97 149
 50 102 213
 50 103 140
 50 104 169
 50 107 303
 50 108 204
 50 109 225
 50 110 270
 50 113 179
 50 114 225
 50 115 264
 50 117 278
 50 119 357
 50 120 232
 50 121 282
 50 124 483
 50 125 378
 50 129 491
 50 130 401
 50 132 370
 51 65 39
 51 74 160
 51 76 229
 51 79 186
 51 83 214
 51 85 254
 51 86 187
 51 87 189
 51 88 239
 51 90 184
 51 94 324
 51 95 196
 51 96 241
 51 97 240
 51 98 211
 51 99 363
 51 100 230
 51 101 261
 51 102 367
 51 103 337
 51 104 314
 51 106 292
 51 107 431
 51 108 367
 51 109 306
 51 110 428
 51 112 481
 51 113 506
 51 114 412
 51 115 272
 51 117 503
 51 119 309
 51 120 463
 51 121 615
 51 124 579
 51 125 523
 51 129 424
 51 130 505
 51 132 395
 52 75 126
 52 76 180
 52 78 212
 52 79 201
 52 81 165
 52 82 182
 52 83 231
 52 84 202
 52 87 147
 52 88 203
 52 91 298
 52 93 227
 52 95 301
 52 96 343
 52 97 263
 52 99 331
 52 103 314
 52 104 199
 52 105 330
 52 106 348
 52 107 275
 52 109 441
 52 110 455
 52 112 249
 52 113 394
 52 114 300
 52 115 327
 52 117 278
 52 119 325
 52 120 501
 52 121 590
 52 124 389
 52 125 373
 52 129 418
 52 130 586
 52 132 729
 52 134 684
 53 90 61
 53 91 42
 53 98 78
 53 104 119
 53 106 149
 53 107 104
 53 109 146
 53 110 148
 53 112 155
 53 113 205
 53 117 206
 53 119 171
 53 120 307
 53 121 346
 53 125 378
 53 129 253
 53 130 459
 53 132 341
 53 134 380
 53 144 487
 54 98 3
 54 101 8
 54 105 33
 54 119 144
 54 121 201
 54 125 157
 54 130 203
 54 132 265
 54 136 316
 54 144 376
 55 107 41
 55 110 70
 55 112 57
 55 113 104
 55 115 94
 55 121 136
 55 122 132
 55 125 134
 55 132 275
 55 134 191
 55 136 319
 55 144 387
 56 70 55
 56 72 84
 56 74 119
 56 77 147
 56 78 108
 56 79 94
 56 81 178
 56 83 105
 56 85 130
 56 87 175
 56 88 168
 56 89 258
 56 92 261
 56 97 246
 56 100 243
 56 103 244
 56 105 231
 56 106 219
 56 108 364
 56 109 211
 56 110 405
 56 112 347
 56 113 275
 56 114 420
 56 115 429
 56 117 420
 56 119 271
 56 120 415
 56 121 482
 56 122 445
 56 124 589
 56 125 383
 56 129 605
 56 130 629
 56 132 488
 56 134 682
 56 136 485
 56 144 616
 57 78 69
 57 79 87
 57 84 102
 57 86 82
 57 88 123
 57 92 177
 57 93 121
 57 95 135
 57 97 232
 57 101 157
 57 102 163
 57 103 207
 57 106 244
 57 108 264
 57 110 314
 57 112 280
 57 113 224
 57 114 327
 57 115 250
 57 117 410
 57 119 402
 57 120 422
 57 121 362
 57 122 490
 57 124 360
 57 125 428
 57 129 335
 57 130 578
 57 132 349
 57 134 423
 57 136 591
 57 144 605
 58 74 46
 58 86 84
 58 87 90
 58 88 123
 58 89 160
 58 94 109
 58 96 203
 58 97 215
 58 99 230
 58 100 237
 58 101 210
 58 102 195
 58 103 173
 58 106 266
 58 108 216
 58 109 227
 58 112 220
 58 113 234
 58 114 263
 58 115 222
 58 117 296
 58 119 254
 58 120 480
 58 121 280
 58 122 403
 58 124 417
 58 125 365
 58 129 463
 58 130 319
 58 132 514
 58 134 522
 58 136 399
 58 140 589
 58 144 666
 59 108 90
 59 109 107
 59 117 110
 59 119 234
 59 120 161
 59 124 159
 59 125 255
 59 129 283
 59 130 206
 59 132 349
 59 134 373
 59 136 382
 59 140 451
 59 144 366
 60 72 11
 60 76 46
 60 82 67
 60 89 98
 60 91 110
 60 93 167
 60 94 158
 60 95 112
 60 98 195
 60 102 158
 60 105 155
 60 106 167
 60 107 303
 60 108 259
 60 109 168
 60 110 293
 60 112 175
 60 113 221
 60 114 337
 60 115 361
 60 117 242
 60 119 247
 60 120 375
 60 121 428
 60 122 424
 60 124 457
 60 125 463
 60 126 330
 60 129 416
 60 130 361
 60 132 314
 60 134 431
 60 136 404
 60 140 670
 60 143 445
 60 144 675
 61 72 60
 61 74 126
 61 76 123
 61 77 97
 61 78 118
 61 79 158
 61 82 155
 61 83 145
 61 88 181
 61 91 138
 61 93 170
 61 94 152
 61 95 274
 61 96 268
 61 97 241
 61 99 309
 61 101 263
 61 104 251
 61 105 279
 61 108 296
 61 109 342
 61 110 374
 61 111 399
 61 112 219
 61 113 438
 61 114 441
 61 115 300
 61 116 290
 61 117 463
 61 119 328
 61 120 552
 61 121 437
 61 122 430
 61 124 557
 61 125 465
 61 126 466
 61 127 596
 61 129 454
 61 130 436
 61 132 645
 61 134 502
 61 136 420
 61 140 395
 61 143 785
 61 144 403
 62 85 31
 62 91 76
 62 93 109
 62 96 116
 62 97 113
 62 99 115
 62 101 141
 62 102 85
 62 106 189
 62 107 145
 62 108 154
 62 109 213
 62 110 169
 62 113 185
 62 115 292
 62 116 179
 62 117 318
 62 121 398
 62 124 319
 62 125 214
 62 127 244
 62 129 246
 62 130 275
 62 132 414
 62 134 536
 62 136 553
 62 140 501
 62 143 425
 62 144 618
 63 73 87
 63 76 95
 63 79 109
 63 80 108
 63 82 110
 63 85 133
 63 86 137
 63 90 216
 63 94 135
 63 96 223
 63 98 198
 63 99 247
 63 101 173
 63 102 197
 63 103 151
 63 105 224
 63 106 270
 63 107 192
 63 108 333
 63 109 250
 63 110 251
 63 111 245
 63 112 291
 63 113 387
 63 114 231
 63 115 359
 63 116 250
 63 117 301
 63 119 481
 63 120 307
 63 121 466
 63 122 370
 63 123 301
 63 124 300
 63 125 520
 63 126 543
 63 127 379
 63 129 494
 63 130 597
 63 131 526
 63 132 432
 63 134 601
 63 136 529
 63 137 361
 63 140 526
 63 143 745
 63 144 399
 64 111 90
 64 113 125
 64 114 137
 64 116 143
 64 117 189
 64 118 212
 64 119 192
 64 122 264
 64 123 219
 64 125 199
 64 126 307
 64 127 214
 64 130 205
 64 131 329
 64 132 409
 64 134 332
 64 136 393
 64 137 254
 64 140 396
 64 143 476
 64 144 382
 64 156 346
 65 75 54
 65 77 61
 65 79 73
 65 85 77
 65 88 92
 65 91 105
 65 100 132
 65 101 158
 65 102 174
 65 104 182
 65 105 146
 65 106 225
 65 107 252
 65 109 196
 65 110 244
 65 111 247
 65 114 351
 65 115 363
 65 116 210
 65 117 311
 65 119 393
 65 120 338
 65 121 404
 65 122 294
 65 123 256
 65 124 461
 65 125 379
 65 126 317
 65 127 401
 65 129 486
 65 130 513
 65 131 522
 65 132 303
 65 134 569
 65 136 549
 65 137 411
 65 140 365
 65 143 659
 65 144 445
 65 156 708
 66 98 6
 66 110 78
 66 111 93
 66 113 105
 66 124 142
 66 125 236
 66 127 293
 66 129 185
 66 130 306
 66 131 268
 66 132 347
 66 134 265
 66 136 421
 66 137 275
 66 140 282
 66 143 348
 66 144 485
 66 156 545
 67 105 204
 67 106 147
 67 107 143
 67 110 170
 67 111 152
 67 113 175
 67 114 201
 67 115 186
 67 116 180
 67 117 303
 67 118 202
 67 120 284
 67 121 360
 67 124 244
 67 125 248
 67 126 333
 67 127 247
 67 129 384
 67 130 339
 67 131 394
 67 132 471
 67 134 311
 67 136 307
 67 137 352
 67 140 314
 67 143 367
 67 144 373
 67 156 659
 68 91 132
 68 93 155
 68 96 136
 68 100 145
 68 101 119
 68 103 111
 68 105 143
 68 108 244
 68 109 211
 68 110 251
 68 111 241
 68 112 192
 68 113 178
 68 114 291
 68 115 209
 68 116 306
 68 117 188
 68 118 264
 68 119 318
 68 120 391
 68 121 416
 68 122 322
 68 123 296
 68 124 255
 68 125 415
 68 126 403
 68 127 300
 68 129 409
 68 130 374
 68 131 484
 68 132 552
 68 134 444
 68 136 588
 68 137 422
 68 140 521
 68 143 582
 68 144 403
 68 156 405
 69 123 81
 69 127 191
 69 130 192
 69 132 274
 69 134 271
 69 137 212
 69 140 228
 69 143 346
 69 144 219
 69 153 345
 69 156 346
 70 107 36
 70 110 42
 70 120 192
 70 122 215
 70 124 163
 70 129 178
 70 131 189
 70 132 203
 70 137 217
 70 140 221
 70 143 233
 70 144 446
 70 153 303
 70 156 296
 71 124 52
 71 130 90
 71 131 171
 71 134 175
 71 136 143
 71 143 208
 71 144 172
 71 152 295
 71 153 350
 71 156 264
 72 116 66
 72 119 121
 72 122 154
 72 123 94
 72 125 158
 72 126 176
 72 127 148
 72 130 153
 72 131 258
 72 132 213
 72 136 333
 72 137 201
 72 140 207
 72 143 355
 72 144 368
 72 152 366
 72 153 448
 72 156 263
 73 89 41
 73 90 58
 73 94 70
 73 95 52
 73 96 105
 73 98 85
 73 99 94
 73 101 98
 73 105 129
 73 106 146
 73 107 147
 73 116 144
 73 119 268
 73 120 336
 73 121 365
 73 122 198
 73 124 250
 73 125 271
 73 126 248
 73 127 292
 73 128 284
 73 129 273
 73 130 336
 73 131 248
 73 132 310
 73 133 510
 73 134 299
 73 136 311
 73 137 487
 73 138 475
 73 139 393
 73 140 415
 73 142 556
 73 143 598
 73 144 602
 73 146 581
 73 151 649
 73 152 478
 73 153 357
 73 155 594
 73 156 528
 73 161 702
 73 168 756
 73 171 449
 74 86 9
 74 92 63
 74 96 72
 74 99 90
 74 102 112
 74 103 91
 74 104 79
 74 107 187
 74 108 126
 74 109 156
 74 116 253
 74 118 256
 74 119 245
 74 120 232
 74 122 287
 74 123 208
 74 124 308
 74 125 222
 74 126 224
 74 127 274
 74 128 266
 74 129 305
 74 130 432
 74 131 442
 74 132 271
 74 133 373
 74 134 388
 74 136 403
 74 137 382
 74 138 388
 74 139 479
 74 140 538
 74 142 498
 74 143 497
 74 144 592
 74 146 399
 74 151 654
 74 152 569
 74 153 435
 74 155 664
 74 156 562
 74 161 505
 74 168 421
 74 171 619
 75 102 29
 75 110 115
 75 111 111
 75 115 159
 75 116 176
 75 120 157
 75 121 266
 75 122 179
 75 123 219
 75 124 195
 75 125 275
 75 126 163
 75 127 344
 75 128 245
 75 130 231
 75 131 366
 75 132 337
 75 133 215
 75 134 346
 75 136 454
 75 137 292
 75 138 396
 75 139 437
 75 140 313
 75 142 349
 75 143 503
 75 144 437
 75 146 298
 75 151 436
 75 152 436
 75 153 498
 75 155 333
 75 156 319
 75 161 607
 75 168 573
 75 171 622
 76 115 133
 76 117 96
 76 118 132
 76 119 175
 76 121 208
 76 122 188
 76 123 248
 76 124 172
 76 125 171
 76 126 154
 76 127 263
 76 128 245
 76 129 290
 76 130 338
 76 132 299
 76 133 381
 76 134 311
 76 135 404
 76 136 236
 76 137 276
 76 138 404
 76 139 280
 76 140 420
 76 142 354
 76 143 280
 76 144 366
 76 146 381
 76 148 448
 76 151 442
 76 152 506
 76 153 520
 76 155 309
 76 156 380
 76 161 578
 76 168 428
 76 171 389
 77 106 50
 77 116 117
 77 118 171
 77 119 182
 77 120 220
 77 123 193
 77 124 218
 77 126 143
 77 127 298
 77 128 157
 77 129 255
 77 130 220
 77 131 297
 77 132 286
 77 133 297
 77 134 347
 77 135 304
 77 136 312
 77 137 393
 77 138 398
 77 139 346
 77 140 441
 77 142 415
 77 143 415
 77 144 416
 77 146 413
 77 148 387
 77 151 530
 77 152 389
 77 153 354
 77 155 544
 77 156 458
 77 161 475
 77 168 364
 77 171 410
 78 107 112
 78 109 109
 78 110 65
 78 117 120
 78 118 165
 78 119 129
 78 120 227
 78 121 265
 78 122 164
 78 124 208
 78 125 196
 78 126 285
 78 127 224
 78 128 209
 78 129 330
 78 130 286
 78 133 276
 78 134 226
 78 135 291
 78 136 279
 78 137 302
 78 138 285
 78 139 356
 78 140 337
 78 142 490
 78 143 273
 78 144 349
 78 146 369
 78 148 491
 78 151 495
 78 152 429
 78 153 379
 78 155 522
 78 156 539
 78 161 524
 78 168 675
 78 171 718
 79 121 42
 79 122 56
 79 127 75
 79 128 119
 79 137 201
 79 139 208
 79 140 239
 79 143 173
 79 144 289
 79 151 195
 79 152 329
 79 156 306
 79 161 243
 79 168 396
 79 171 456
 80 103 20
 80 109 69
 80 111 75
 80 113 104
 80 115 90
 80 116 172
 80 117 117
 80 118 211
 80 119 188
 80 120 137
 80 121 176
 80 122 144
 80 123 209
 80 124 269
 80 125 203
 80 126 234
 80 127 239
 80 128 223
 80 129 262
 80 132 234
 80 133 336
 80 134 375
 80 135 362
 80 136 379
 80 137 446
 80 138 253
 80 139 412
 80 140 320
 80 142 450
 80 143 282
 80 144 352
 80 146 414
 80 148 398
 80 151 516
 80 152 473
 80 153 382
 80 155 516
 80 156 412
 80 161 586
 80 168 534
 80 169 602
 80 171 621
 81 117 145
 81 118 178
 81 119 179
 81 120 239
 81 121 199
 81 124 225
 81 126 205
 81 127 274
 81 128 239
 81 129 178
 81 130 180
 81 131 304
 81 132 246
 81 133 327
 81 134 389
 81 135 364
 81 136 359
 81 137 238
 81 138 393
 81 140 451
 81 142 289
 81 143 307
 81 144 322
 81 146 267
 81 148 413
 81 151 448
 81 152 464
 81 153 467
 81 155 431
 81 156 343
 81 161 365
 81 168 346
 81 169 381
 81 171 364
 82 121 87
 82 130 178
 82 131 165
 82 135 215
 82 136 228
 82 137 233
 82 139 253
 82 140 264
 82 142 192
 82 143 182
 82 144 285
 82 148 344
 82 151 401
 82 152 213
 82 153 213
 82 155 381
 82 156 237
 82 161 405
 82 168 371
 82 169 554
 82 171 461
 83 130 46
 83 132 97
 83 137 88
 83 138 105
 83 140 167
 83 146 156
 83 151 198
 83 153 241
 83 155 150
 83 157 219
 83 161 223
 83 168 321
 83 169 400
 83 171 310
 84 92 13
 84 96 35
 84 105 84
 84 109 85
 84 115 139
 84 119 204
 84 120 165
 84 122 172
 84 123 257
 84 124 175
 84 125 282
 84 126 221
 84 127 311
 84 128 347
 84 129 234
 84 130 231
 84 131 294
 84 132 400
 84 133 316
 84 134 311
 84 135 341
 84 136 341
 84 137 292
 84 138 297
 84 139 474
 84 140 326
 84 142 494
 84 143 416
 84 144 304
 84 146 436
 84 148 501
 84 151 570
 84 152 322
 84 153 582
 84 155 347
 84 156 456
 84 157 489
 84 161 466
 84 166 440
 84 168 426
 84 169 466
 84 171 652
 85 118 66
 85 126 156
 85 127 192
 85 129 144
 85 131 197
 85 132 176
 85 133 163
 85 134 190
 85 135 221
 85 137 180
 85 138 223
 85 139 332
 85 140 231
 85 142 243
 85 143 245
 85 148 240
 85 151 420
 85 152 278
 85 153 331
 85 155 316
 85 156 329
 85 157 284
 85 161 430
 85 166 288
 85 168 554
 85 169 445
 85 171 540
 86 97 16
 86 102 30
 86 105 51
 86 106 75
 86 107 89
 86 113 99
 86 115 144
 86 116 132
 86 118 158
 86 121 152
 86 122 162
 86 123 201
 86 124 199
 86 125 186
 86 126 169
 86 127 255
 86 128 221
 86 129 228
 86 130 326
 86 132 232
 86 133 401
 86 134 285
 86 135 275
 86 136 382
 86 137 381
 86 138 284
 86 139 273
 86 140 260
 86 142 382
 86 143 280
 86 144 377
 86 146 404
 86 148 532
 86 151 487
 86 152 570
 86 153 485
 86 155 488
 86 156 311
 86 157 424
 86 161 516
 86 166 526
 86 168 363
 86 169 622
 86 171 416
 87 112 18
 87 114 45
 87 117 76
 87 118 107
 87 123 166
 87 124 179
 87 125 148
 87 127 212
 87 131 282
 87 133 179
 87 134 264
 87 135 178
 87 136 289
 87 137 182
 87 138 323
 87 139 303
 87 140 307
 87 142 230
 87 143 391
 87 146 310
 87 148 232
 87 151 420
 87 152 471
 87 153 297
 87 155 382
 87 156 372
 87 157 409
 87 160 293
 87 161 436
 87 166 418
 87 168 525
 87 169 413
 87 171 520
 88 114 26
 88 117 83
 88 123 94
 88 124 129
 88 126 176
 88 127 147
 88 128 225
 88 132 207
 88 133 254
 88 134 272
 88 136 195
 88 142 371
 88 143 394
 88 144 322
 88 146 396
 88 148 325
 88 151 331
 88 152 445
 88 153 305
 88 155 397
 88 156 261
 88 157 456
 88 160 320
 88 161 289
 88 166 370
 88 168 382
 88 169 316
 88 171 623
 89 127 47
 89 131 66
 89 134 67
 89 136 156
 89 137 110
 89 138 163
 89 143 166
 89 146 151
 89 147 125
 89 149 181
 89 151 158
 89 153 193
 89 155 256
 89 156 153
 89 157 305
 89 160 179
 89 161 288
 89 168 319
 89 169 319
 89 171 330
 89 177 412
 89 186 520
 90 111 60
 90 123 176
 90 128 234
 90 130 270
 90 131 273
 90 132 251
 90 133 333
 90 134 251
 90 135 315
 90 136 342
 90 137 221
 90 138 233
 90 139 261
 90 140 373
 90 141 259
 90 142 329
 90 143 353
 90 144 299
 90 146 423
 90 147 396
 90 148 474
 90 149 389
 90 151 478
 90 152 438
 90 153 290
 90 155 345
 90 156 323
 90 157 475
 90 160 304
 90 161 334
 90 166 414
 90 168 348
 90 169 508
 90 171 443
 90 177 688
 90 186 571
 90 188 711
 91 130 30
 91 134 98
 91 136 121
 91 139 126
 91 141 160
 91 151 187
 91 152 193
 91 153 219
 91 155 193
 91 156 270
 91 159 209
 91 160 294
 91 161 242
 91 168 308
 91 169 347
 91 171 407
 91 177 443
 91 186 413
 91 188 397
 92 118 40
 92 120 86
 92 121 89
 92 124 83
 92 133 219
 92 134 150
 92 136 182
 92 137 219
 92 138 258
 92 139 301
 92 141 212
 92 142 290
 92 144 206
 92 146 307
 92 147 195
 92 148 300
 92 149 200
 92 151 288
 92 152 308
 92 153 379
 92 155 230
 92 156 278
 92 157 264
 92 159 389
 92 160 262
 92 166 398
 92 168 419
 92 169 479
 92 171 371
 92 177 331
 92 186 569
 92 188 543
 93 115 30
 93 118 78
 93 122 81
 93 123 136
 93 125 136
 93 128 161
 93 130 135
 93 133 194
 93 134 233
 93 139 321
 93 141 205
 93 142 320
 93 144 349
 93 147 209
 93 148 309
 93 149 299
 93 151 411
 93 152 350
 93 153 410
 93 155 375
 93 156 403
 93 157 260
 93 159 434
 93 160 418
 93 161 431
 93 166 470
 93 168 356
 93 169 507
 93 171 395
 93 177 366
 93 180 389
 93 186 442
 93 188 688
 94 120 22
 94 131 155
 94 132 135
 94 137 206
 94 138 175
 94 141 219
 94 142 148
 94 146 243
 94 147 255
 94 148 156
 94 151 282
 94 152 185
 94 153 213
 94 155 254
 94 157 309
 94 159 389
 94 160 386
 94 166 308
 94 168 353
 94 169 387
 94 171 475
 94 177 418
 94 180 385
 94 186 531
 94 188 512
 95 117 110
 95 119 105
 95 122 192
 95 127 196
 95 128 162
 95 129 141
 95 130 191
 95 132 226
 95 133 270
 95 134 337
 95 136 246
 95 137 201
 95 138 236
 95 139 255
 95 140 319
 95 141 292
 95 142 311
 95 144 229
 95 146 233
 95 147 418
 95 148 351
 95 149 294
 95 151 399
 95 152 281
 95 153 413
 95 155 299
 95 156 323
 95 157 341
 95 159 437
 95 160 462
 95 161 366
 95 166 356
 95 168 418
 95 169 323
 95 171 385
 95 177 430
 95 180 632
 95 186 397
 95 188 588
 96 142 44
 96 146 87
 96 159 116
 96 177 300
 96 180 207
 96 186 370
 97 110 40
 97 111 44
 97 119 147
 97 120 214
 97 123 125
 97 125 236
 97 126 146
 97 128 280
 97 129 153
 97 130 319
 97 131 298
 97 133 336
 97 134 333
 97 137 230
 97 138 255
 97 139 426
 97 140 380
 97 142 283
 97 143 454
 97 144 280
 97 146 247
 97 147 332
 97 148 478
 97 149 398
 97 151 503
 97 152 379
 97 153 381
 97 155 455
 97 156 527
 97 157 470
 97 159 412
 97 160 574
 97 161 426
 97 166 333
 97 168 400
 97 169 431
 97 171 626
 97 173 576
 97 177 502
 97 180 722
 97 183 555
 97 186 668
 97 188 631
 98 139 46
 98 147 86
 98 149 80
 98 153 107
 98 159 169
 98 160 153
 98 161 186
 98 166 172
 98 168 230
 98 169 183
 98 171 279
 98 173 300
 98 180 263
 98 183 308
 98 186 330
 99 125 59
 99 130 142
 99 133 174
 99 134 117
 99 136 180
 99 137 169
 99 138 131
 99 140 173
 99 141 189
 99 143 245
 99 144 301
 99 146 234
 99 147 195
 99 151 297
 99 152 327
 99 155 359
 99 156 254
 99 157 285
 99 159 285
 99 160 410
 99 161 300
 99 166 370
 99 168 353
 99 169 374
 99 171 428
 99 173 458
 99 177 459
 99 180 557
 99 183 366
 99 186 598
 99 188 579
 100 127 2
 100 137 97
 100 139 127
 100 141 120
 100 146 103
 100 152 233
 100 153 244
 100 155 177
 100 157 172
 100 159 249
 100 160 272
 100 168 238
 100 173 312
 100 177 408
 100 180 323
 100 183 457
 100 186 461
 100 188 260
 101 125 119
 101 126 127
 101 128 172
 101 131 184
 101 133 225
 101 135 255
 101 136 184
 101 137 193
 101 139 187
 101 140 220
 101 141 236
 101 144 293
 101 146 325
 101 147 307
 101 148 212
 101 149 210
 101 151 346
 101 152 408
 101 153 251
 101 155 388
 101 156 262
 101 157 285
 101 159 452
 101 160 276
 101 161 308
 101 166 375
 101 168 346
 101 169 485
 101 171 434
 101 173 515
 101 177 428
 101 180 574
 101 183 505
 101 186 480
 101 188 485
 102 134 73
 102 137 100
 102 138 107
 102 141 114
 102 148 160
 102 155 266
 102 159 243
 102 160 163
 102 161 162
 102 168 234
 102 169 209
 102 171 319
 102 177 235
 102 180 285
 102 183 324
 102 186 408
 102 188 473
 103 114 57
 103 115 62
 103 118 124
 103 129 187
 103 131 308
 103 132 187
 103 135 335
 103 136 322
 103 137 304
 103 138 195
 103 139 243
 103 140 204
 103 142 420
 103 143 224
 103 144 233
 103 145 236
 103 146 302
 103 147 357
 103 148 449
 103 149 442
 103 151 332
 103 152 408
 103 153 270
 103 155 415
 103 156 274
 103 157 457
 103 159 542
 103 160 491
 103 161 338
 103 166 312
 103 168 409
 103 169 626
 103 171 405
 103 173 530
 103 177 460
 103 180 718
 103 183 496
 103 186 601
 103 188 434
 103 189 484
 104 127 44
 104 132 86
 104 133 91
 104 137 100
 104 139 124
 104 140 209
 104 141 139
 104 146 246
 104 149 180
 104 151 245
 104 155 167
 104 156 269
 104 157 172
 104 159 222
 104 166 209
 104 168 419
 104 171 378
 104 173 256
 104 177 371
 104 180 426
 104 183 366
 104 186 332
 104 188 312
 104 189 387
 105 160 81
 105 168 148
 105 175 230
 105 176 190
 105 177 176
 105 180 211
 105 183 234
 105 188 216
 105 189 273
 105 196 285
 106 131 99
 106 134 111
 106 135 146
 106 137 141
 106 138 149
 106 140 139
 106 142 161
 106 143 144
 106 145 238
 106 146 202
 106 147 267
 106 149 300
 106 150 272
 106 152 216
 106 155 350
 106 156 283
 106 157 203
 106 159 211
 106 160 329
 106 161 393
 106 162 341
 106 165 403
 106 166 339
 106 168 330
 106 169 295
 106 171 464
 106 172 321
 106 173 467
 106 175 542
 106 176 417
 106 177 299
 106 179 566
 106 180 582
 106 183 446
 106 186 555
 106 188 593
 106 189 566
 106 196 360
 106 197 476
 107 135 135
 107 136 101
 107 138 106
 107 139 157
 107 142 141
 107 144 128
 107 145 214
 107 146 130
 107 147 221
 107 149 181
 107 150 184
 107 154 235
 107 155 281
 107 159 212
 107 160 273
 107 162 216
 107 164 279
 107 165 200
 107 168 368
 107 171 345
 107 172 245
 107 173 251
 107 175 244
 107 176 247
 107 177 433
 107 179 267
 107 180 392
 107 183 420
 107 186 303
 107 188 343
 107 189 371
 107 192 460
 107 195 532
 107 196 432
 107 197 624
 107 200 587
 108 133 174
 108 135 199
 108 136 206
 108 138 232
 108 139 202
 108 141 277
 108 142 227
 108 143 232
 108 144 212
 108 145 190
 108 146 257
 108 148 178
 108 149 298
 108 151 310
 108 152 273
 108 153 279
 108 154 304
 108 157 278
 108 159 274
 108 160 331
 108 161 363
 108 162 277
 108 164 308
 108 165 284
 108 166 436
 108 168 382
 108 169 428
 108 171 433
 108 172 404
 108 173 465
 108 175 506
 108 176 319
 108 177 358
 108 179 533
 108 180 483
 108 183 352
 108 186 424
 108 188 531
 108 189 607
 108 192 550
 108 195 532
 108 196 596
 108 197 413
 108 200 751
 109 130 137
 109 133 154
 109 139 150
 109 140 196
 109 142 168
 109 145 290
 109 146 267
 109 147 183
 109 148 187
 109 149 213
 109 150 261
 109 152 297
 109 153 241
 109 154 351
 109 155 275
 109 156 209
 109 157 323
 109 159 249
 109 161 371
 109 162 361
 109 164 249
 109 166 316
 109 168 314
 109 169 430
 109 171 346
 109 172 412
 109 173 451
 109 175 296
 109 176 465
 109 177 396
 109 179 405
 109 180 451
 109 183 326
 109 186 340
 109 188 402
 109 189 431
 109 192 344
 109 195 520
 109 196 495
 109 197 516
 109 200 526
 110 122 111
 110 124 117
 110 128 163
 110 129 174
 110 130 139
 110 131 142
 110 136 260
 110 138 206
 110 139 289
 110 144 184
 110 145 305
 110 146 336
 110 147 221
 110 148 297
 110 149 358
 110 150 399
 110 151 256
 110 153 293
 110 154 320
 110 155 360
 110 156 386
 110 157 450
 110 158 247
 110 159 401
 110 160 360
 110 161 474
 110 162 451
 110 163 255
 110 164 438
 110 165 278
 110 166 354
 110 168 524
 110 169 466
 110 171 484
 110 172 317
 110 173 450
 110 175 441
 110 176 511
 110 177 576
 110 179 463
 110 180 502
 110 183 586
 110 186 568
 110 188 514
 110 189 402
 110 192 548
 110 195 630
 110 196 492
 110 197 405
 110 200 812
 111 164 43
 111 169 101
 111 177 124
 111 180 186
 111 183 167
 111 188 167
 111 192 266
 111 195 216
 111 196 222
 111 197 331
 111 200 333
 112 141 17
 112 152 110
 112 154 104
 112 156 111
 112 157 113
 112 159 133
 112 161 102
 112 172 276
 112 173 238
 112 175 182
 112 179 170
 112 180 240
 112 182 266
 112 183 223
 112 186 335
 112 188 374
 112 189 364
 112 192 212
 112 195 387
 112 196 253
 112 197 295
 112 200 394
 113 155 65
 113 159 51
 113 164 81
 113 166 91
 113 172 205
 113 173 194
 113 180 278
 113 183 227
 113 186 186
 113 189 317
 113 196 402
 113 197 215
 113 200 260
 114 132 98
 114 134 119
 114 136 173
 114 144 174
 114 146 255
 114 147 162
 114 149 253
 114 150 210
 114 151 295
 114 152 220
 114 153 174
 114 154 235
 114 155 295
 114 157 318
 114 158 272
 114 159 214
 114 160 202
 114 161 214
 114 162 375
 114 163 336
 114 164 331
 114 165 329
 114 166 382
 114 167 229
 114 168 384
 114 169 451
 114 170 336
 114 171 467
 114 172 346
 114 173 414
 114 175 373
 114 176 303
 114 177 488
 114 179 370
 114 180 512
 114 182 313
 114 183 469
 114 186 319
 114 188 420
 114 189 433
 114 192 551
 114 195 525
 114 196 472
 114 197 410
 114 200 711
 115 145 70
 115 157 144
 115 160 166
 115 162 159
 115 164 146
 115 165 162
 115 166 213
 115 167 189
 115 168 150
 115 170 197
 115 173 254
 115 176 215
 115 177 186
 115 178 283
 115 181 311
 115 182 257
 115 183 224
 115 186 224
 115 188 367
 115 190 306
 115 192 415
 115 195 383
 115 196 258
 115 197 398
 115 200 355
 116 162 37
 116 163 53
 116 167 85
 116 170 86
 116 178 187
 116 179 135
 116 186 173
 116 189 132
 116 192 138
 116 195 289
 116 196 312
 116 200 247
 117 132 81
 117 136 109
 117 138 146
 117 140 85
 117 141 119
 117 144 160
 117 147 194
 117 149 216
 117 150 249
 117 152 172
 117 157 174
 117 158 159
 117 160 292
 117 161 286
 117 163 315
 117 164 302
 117 166 360
 117 167 204
 117 168 210
 117 169 312
 117 170 221
 117 171 266
 117 172 306
 117 173 359
 117 175 357
 117 176 296
 117 177 260
 117 178 430
 117 179 470
 117 180 462
 117 181 460
 117 182 271
 117 183 293
 117 184 252
 117 186 352
 117 188 382
 117 189 373
 117 190 308
 117 192 378
 117 195 563
 117 196 422
 117 197 628
 117 200 430
 118 175 95
 118 183 102
 118 184 139
 118 185 153
 118 190 171
 118 192 164
 118 195 166
 118 196 220
 118 197 156
 118 208 392
 119 131 68
 119 136 125
 119 137 133
 119 138 128
 119 141 201
 119 143 169
 119 145 236
 119 148 223
 119 149 179
 119 150 261
 119 152 165
 119 153 237
 119 154 172
 119 155 166
 119 156 245
 119 157 184
 119 158 295
 119 159 266
 119 161 332
 119 162 280
 119 164 313
 119 165 269
 119 166 393
 119 167 285
 119 168 254
 119 170 317
 119 171 346
 119 172 312
 119 173 396
 119 175 418
 119 176 277
 119 177 465
 119 178 476
 119 179 467
 119 180 326
 119 181 382
 119 182 491
 119 183 294
 119 184 382
 119 185 294
 119 186 277
 119 188 565
 119 189 575
 119 190 371
 119 192 337
 119 193 520
 119 195 564
 119 196 359
 119 197 379
 119 199 410
 119 200 560
 119 204 398
 119 208 527
 120 136 92
 120 139 116
 120 141 109
 120 147 188
 120 149 180
 120 151 164
 120 153 235
 120 154 255
 120 155 202
 120 160 173
 120 161 306
 120 166 325
 120 167 286
 120 169 276
 120 170 419
 120 171 320
 120 172 333
 120 173 323
 120 174 293
 120 175 243
 120 176 279
 120 177 342
 120 178 401
 120 179 244
 120 180 488
 120 181 454
 120 182 269
 120 183 357
 120 184 439
 120 185 441
 120 186 417
 120 188 415
 120 189 327
 120 190 468
 120 192 474
 120 193 407
 120 195 450
 120 196 427
 120 197 574
 120 199 396
 120 200 503
 120 204 611
 120 208 488
 121 133 48
 121 138 80
 121 142 94
 121 146 159
 121 152 196
 121 154 156
 121 155 196
 121 156 141
 121 158 264
 121 162 148
 121 164 172
 121 165 321
 121 168 204
 121 169 302
 121 170 291
 121 171 284
 121 172 340
 121 173 303
 121 175 416
 121 176 256
 121 177 386
 121 178 309
 121 179 335
 121 180 251
 121 181 366
 121 182 302
 121 183 414
 121 184 419
 121 185 256
 121 186 295
 121 188 328
 121 189 380
 121 190 332
 121 192 406
 121 193 374
 121 195 426
 121 196 536
 121 197 408
 121 199 456
 121 200 493
 121 204 443
 121 208 510
 122 160 54
 122 163 65
 122 171 152
 122 173 164
 122 174 143
 122 178 183
 122 179 179
 122 180 166
 122 181 140
 122 182 248
 122 183 272
 122 186 179
 122 188 166
 122 190 253
 122 192 177
 122 193 343
 122 195 323
 122 197 403
 122 199 267
 122 200 364
 122 204 491
 122 208 547
 123 166 39
 123 169 58
 123 171 75
 123 173 121
 123 178 156
 123 179 138
 123 186 164
 123 190 123
 123 192 133
 123 195 213
 123 200 300
 123 204 387
 123 208 364
 124 134 42
 124 136 73
 124 138 86
 124 139 69
 124 141 115
 124 147 114
 124 150 192
 124 151 143
 124 153 223
 124 155 191
 124 158 226
 124 160 242
 124 161 231
 124 162 155
 124 164 180
 124 165 307
 124 166 275
 124 167 184
 124 168 220
 124 170 369
 124 171 219
 124 173 312
 124 174 389
 124 175 302
 124 176 275
 124 177 271
 124 178 222
 124 179 317
 124 180 388
 124 181 264
 124 182 276
 124 183 446
 124 184 331
 124 185 434
 124 186 457
 124 188 431
 124 189 460
 124 190 369
 124 192 317
 124 193 515
 124 195 565
 124 196 428
 124 197 436
 124 199 421
 124 200 353
 124 204 519
 124 207 482
 124 208 543
 125 132 17
 125 143 105
 125 145 107
 125 150 111
 125 151 148
 125 154 206
 125 155 130
 125 157 222
 125 158 219
 125 159 233
 125 160 143
 125 162 233
 125 164 270
 125 167 254
 125 168 227
 125 170 220
 125 171 364
 125 172 230
 125 173 226
 125 174 382
 125 175 309
 125 176 333
 125 178 209
 125 179 347
 125 180 276
 125 181 380
 125 182 355
 125 183 298
 125 184 353
 125 185 244
 125 186 408
 125 188 415
 125 189 273
 125 190 254
 125 192 401
 125 193 401
 125 195 474
 125 196 552
 125 197 493
 125 199 584
 125 200 345
 125 204 539
 125 207 639
 125 208 576
 126 162 59
 126 170 132
 126 171 116
 126 173 184
 126 174 185
 126 175 156
 126 177 133
 126 178 112
 126 181 230
 126 189 258
 126 192 177
 126 195 196
 126 196 235
 126 197 195
 126 199 341
 126 200 265
 126 204 343
 126 207 401
 126 208 326
 127 164 48
 127 167 78
 127 169 72
 127 177 136
 127 186 132
 127 190 234
 127 191 202
 127 192 130
 127 193 289
 127 196 301
 127 197 321
 127 199 235
 127 200 234
 127 204 249
 127 207 426
 127 208 504
 128 192 56
 128 195 126
 128 200 116
 128 204 263
 128 208 316
 129 143 103
 129 154 158
 129 155 111
 129 156 171
 129 159 202
 129 161 168
 129 162 168
 129 164 139
 129 166 223
 129 167 159
 129 168 170
 129 169 241
 129 170 253
 129 171 185
 129 173 236
 129 174 323
 129 176 218
 129 177 365
 129 179 385
 129 180 369
 129 181 307
 129 182 276
 129 183 348
 129 184 350
 129 185 388
 129 186 303
 129 188 226
 129 189 414
 129 190 448
 129 191 299
 129 192 440
 129 193 396
 129 195 480
 129 196 447
 129 197 296
 129 199 358
 129 200 440
 129 204 643
 129 207 449
 129 208 567
 130 152 50
 130 160 116
 130 164 154
 130 165 185
 130 166 181
 130 169 201
 130 170 161
 130 173 164
 130 174 168
 130 175 163
 130 176 171
 130 177 207
 130 178 205
 130 181 275
 130 182 190
 130 184 179
 130 186 287
 130 187 242
 130 188 205
 130 189 372
 130 190 190
 130 192 309
 130 195 280
 130 196 397
 130 197 371
 130 199 416
 130 200 455
 130 204 552
 130 205 375
 130 207 458
 130 208 464
 131 173 81
 131 177 143
 131 178 146
 131 179 101
 131 182 164
 131 193 150
 131 194 275
 131 196 292
 131 197 201
 131 200 314
 131 204 356
 131 205 396
 131 207 426
 131 208 490
 132 141 29
 132 142 29
 132 159 137
 132 165 207
 132 166 153
 132 168 143
 132 169 190
 132 170 170
 132 171 166
 132 172 153
 132 173 171
 132 174 196
 132 175 171
 132 176 164
 132 178 225
 132 179 310
 132 180 226
 132 181 191
 132 182 187
 132 183 292
 132 184 363
 132 185 259
 132 186 350
 132 187 304
 132 188 260
 132 189 204
 132 191 241
 132 192 365
 132 193 296
 132 194 401
 132 195 322
 132 196 347
 132 197 297
 132 199 468
 132 200 336
 132 201 492
 132 204 533
 132 205 476
 132 207 478
 132 208 611
 133 191 39
 133 192 66
 133 196 96
 133 197 123
 133 199 99
 133 200 158
 133 205 246
 133 207 205
 133 208 181
 133 215 371
 134 152 34
 134 160 69
 134 163 90
 134 170 155
 134 173 171
 134 174 160
 134 175 149
 134 176 147
 134 178 151
 134 179 190
 134 182 149
 134 185 180
 134 188 238
 134 189 276
 134 191 254
 134 193 198
 134 194 213
 134 195 271
 134 197 240
 134 200 379
 134 201 303
 134 204 309
 134 205 463
 134 207 396
 134 208 533
 134 215 594
 135 189 15
 135 193 67
 135 194 66
 135 195 90
 135 199 110
 135 208 275
 135 215 350
 136 160 45
 136 167 133
 136 169 87
 136 173 175
 136 178 219
 136 179 123
 136 180 145
 136 181 215
 136 184 154
 136 185 145
 136 186 145
 136 187 181
 136 188 264
 136 190 271
 136 191 189
 136 193 292
 136 194 246
 136 195 266
 136 196 269
 136 197 304
 136 199 303
 136 200 268
 136 201 281
 136 203 344
 136 204 464
 136 205 310
 136 207 347
 136 208 443
 136 210 435
 136 213 361
 136 215 552
 137 171 89
 137 178 143
 137 183 162
 137 184 147
 137 189 130
 137 192 158
 137 193 243
 137 194 278
 137 195 186
 137 199 244
 137 201 317
 137 203 266
 137 204 335
 137 205 348
 137 206 357
 137 207 393
 137 208 404
 137 210 462
 137 213 533
 137 215 477
 138 199 115
 138 200 124
 138 204 217
 138 207 207
 138 208 316
 138 210 259
 138 213 335
 138 215 239
 139 197 85
 139 198 150
 139 203 208
 139 206 141
 139 208 233
 139 210 243
 139 211 208
 139 213 327
 139 215 381
 139 219 300
 140 158 46
 140 163 81
 140 167 91
 140 170 116
 140 171 168
 140 175 186
 140 179 205
 140 180 201
 140 182 212
 140 184 157
 140 188 200
 140 191 192
 140 192 272
 140 193 260
 140 195 231
 140 196 182
 140 197 272
 140 198 335
 140 199 384
 140 200 336
 140 201 225
 140 203 319
 140 204 287
 140 205 267
 140 206 425
 140 207 265
 140 208 280
 140 210 538
 140 211 382
 140 213 342
 140 215 477
 140 219 646
 141 196 23
 141 205 145
 141 206 135
 141 208 205
 141 211 203
 141 215 246
 141 219 291
 141 220 354
 142 181 13
 142 187 27
 142 199 130
 142 200 115
 142 201 146
 142 205 220
 142 208 225
 142 211 243
 142 215 214
 142 219 328
 142 220 321
 143 161 34
 143 168 73
 143 171 123
 143 172 92
 143 177 189
 143 178 116
 143 182 126
 143 185 137
 143 187 142
 143 188 138
 143 193 175
 143 194 314
 143 195 302
 143 196 334
 143 198 324
 143 199 202
 143 200 367
 143 201 312
 143 203 379
 143 204 420
 143 205 295
 143 206 407
 143 207 308
 143 208 493
 143 210 326
 143 211 444
 143 213 545
 143 215 485
 143 219 664
 143 220 417
 144 155 40
 144 158 57
 144 160 58
 144 167 134
 144 170 116
 144 171 197
 144 174 174
 144 176 205
 144 177 122
 144 179 124
 144 180 218
 144 181 145
 144 182 172
 144 183 221
 144 184 256
 144 185 178
 144 187 195
 144 188 180
 144 190 219
 144 191 221
 144 192 198
 144 193 292
 144 194 327
 144 197 328
 144 198 336
 144 199 232
 144 201 328
 144 203 340
 144 204 396
 144 205 263
 144 206 346
 144 207 300
 144 208 403
 144 210 558
 144 211 465
 144 213 400
 144 215 453
 144 219 502
 144 220 363
 145 202 21
 145 211 140
 145 215 211
 145 219 198
 145 223 250
 146 197 113
 146 198 126
 146 204 151
 146 210 239
 146 211 218
 146 213 278
 146 215 360
 146 219 302
 146 220 395
 146 223 422
 147 199 55
 147 203 120
 147 207 132
 147 208 158
 147 211 128
 147 213 260
 147 215 285
 147 216 288
 147 219 234
 147 220 188
 147 223 247
 148 195 81
 148 198 105
 148 205 143
 148 206 167
 148 208 229
 148 209 266
 148 210 215
 148 211 265
 148 213 197
 148 215 233
 148 219 267
 148 220 229
 148 223 273
 149 197 37
 149 198 35
 149 202 82
 149 204 130
 149 205 121
 149 208 168
 149 210 116
 149 211 200
 149 213 234
 149 219 283
 149 223 261
 150 210 124
 150 213 146
 150 215 181
 150 219 145
 150 220 216
 150 223 224
 150 227 279
 151 194 74
 151 202 159
 151 203 184
 151 206 183
 151 207 143
 151 209 167
 151 210 242
 151 213 232
 151 215 331
 151 216 243
 151 219 357
 151 220 431
 151 223 303
 151 227 506
 152 174 20
 152 182 55
 152 185 78
 152 193 137
 152 197 120
 152 198 133
 152 200 130
 152 202 172
 152 204 232
 152 205 209
 152 206 292
 152 208 241
 152 209 344
 152 211 217
 152 213 297
 152 215 400
 152 216 292
 152 219 326
 152 220 405
 152 223 365
 152 227 316
 153 187 87
 153 188 117
 153 189 132
 153 192 99
 153 193 176
 153 194 129
 153 198 150
 153 203 216
 153 206 350
 153 208 330
 153 209 291
 153 210 430
 153 211 246
 153 213 350
 153 215 338
 153 216 389
 153 219 455
 153 220 345
 153 223 368
 153 227 324
 154 210 79
 154 215 151
 154 223 159
 154 227 261
 155 185 39
 155 188 41
 155 191 59
 155 193 109
 155 198 113
 155 202 158
 155 203 223
 155 204 242
 155 207 274
 155 208 320
 155 209 351
 155 210 220
 155 211 248
 155 215 384
 155 216 249
 155 219 426
 155 220 401
 155 223 403
 155 227 540
 156 179 108
 156 180 116
 156 181 122
 156 190 174
 156 193 207
 156 194 262
 156 196 172
 156 198 185
 156 199 224
 156 200 293
 156 201 168
 156 204 376
 156 205 262
 156 206 234
 156 208 286
 156 209 456
 156 210 445
 156 211 326
 156 213 276
 156 215 412
 156 216 330
 156 219 438
 156 220 354
 156 223 487
 156 227 567
 157 189 4
 157 204 141
 157 206 170
 157 208 189
 157 209 193
 157 210 220
 157 211 233
 157 212 234
 157 213 226
 157 216 230
 157 219 363
 157 223 313
 157 227 426
 158 220 169
 158 223 213
 159 201 41
 159 204 81
 159 205 105
 159 206 70
 159 207 115
 159 209 129
 159 211 104
 159 212 219
 159 213 151
 159 215 242
 159 216 291
 159 219 259
 159 220 244
 159 227 312
 160 203 134
 160 204 88
 160 206 164
 160 210 165
 160 212 271
 160 213 192
 160 219 246
 160 223 257
 160 227 244
 161 195 78
 161 200 147
 161 202 190
 161 203 147
 161 204 172
 161 208 317
 161 209 296
 161 210 272
 161 211 217
 161 212 285
 161 213 275
 161 215 265
 161 216 361
 161 219 413
 161 220 355
 161 223 257
 161 227 348
 162 215 170
 162 216 156
 162 220 200
 162 223 179
 162 227 238
 163 216 124
 163 219 135
 163 245 329
 164 211 50
 164 212 111
 164 214 122
 164 216 131
 164 219 172
 164 220 155
 164 223 228
 164 227 246
 164 245 491
 165 204 38
 165 208 107
 165 211 68
 165 213 154
 165 214 107
 165 219 175
 165 220 204
 165 221 137
 165 222 150
 165 223 194
 165 224 253
 165 227 233
 165 232 288
 165 234 366
 165 245 283
 166 196 39
 166 198 72
 166 202 157
 166 203 127
 166 205 149
 166 207 195
 166 213 238
 166 214 260
 166 216 202
 166 218 261
 166 219 234
 166 221 329
 166 222 360
 166 223 326
 166 224 375
 166 227 410
 166 232 387
 166 234 301
 166 245 412
 167 219 163
 167 221 162
 167 223 105
 167 225 195
 167 232 189
 167 241 367
 167 245 384
 168 186 37
 168 190 65
 168 191 63
 168 194 119
 168 195 124
 168 196 114
 168 204 220
 168 207 253
 168 208 201
 168 210 261
 168 211 185
 168 212 245
 168 214 356
 168 215 218
 168 216 371
 168 217 330
 168 218 306
 168 219 333
 168 220 255
 168 221 386
 168 222 258
 168 223 273
 168 224 347
 168 225 484
 168 226 504
 168 227 448
 168 232 404
 168 234 598
 168 241 482
 168 245 737
 169 196 90
 169 197 63
 169 206 182
 169 207 127
 169 210 162
 169 211 194
 169 212 196
 169 213 311
 169 215 277
 169 216 268
 169 217 341
 169 218 237
 169 219 399
 169 221 415
 169 222 232
 169 223 356
 169 224 307
 169 225 373
 169 226 469
 169 227 392
 169 232 351
 169 233 485
 169 234 417
 169 241 612
 169 245 652
 170 215 89
 170 224 145
 170 226 208
 170 233 223
 170 234 316
 170 245 364
 171 192 74
 171 193 102
 171 197 136
 171 202 133
 171 203 174
 171 205 151
 171 206 247
 171 207 237
 171 208 241
 171 209 250
 171 210 337
 171 211 318
 171 212 260
 171 213 262
 171 214 306
 171 215 222
 171 216 250
 171 217 336
 171 218 292
 171 219 358
 171 220 440
 171 221 286
 171 222 448
 171 223 493
 171 224 272
 171 225 370
 171 226 406
 171 227 421
 171 228 585
 171 232 577
 171 233 596
 171 234 644
 171 241 408
 171 245 394
 172 212 113
 172 216 100
 172 222 190
 172 223 243
 172 224 231
 172 225 286
 172 226 166
 172 228 185
 172 234 285
 172 241 297
 172 245 499
 173 210 160
 173 211 149
 173 215 241
 173 216 144
 173 217 166
 173 218 206
 173 219 308
 173 221 313
 173 223 311
 173 224 284
 173 226 382
 173 227 312
 173 228 267
 173 229 404
 173 232 369
 173 233 462
 173 234 265
 173 241 430
 173 245 452
 174 219 45
 174 224 98
 174 226 131
 174 229 96
 174 234 180
 174 241 260
 175 207 48
 175 208 90
 175 210 82
 175 212 93
 175 213 87
 175 215 160
 175 217 113
 175 219 155
 175 220 207
 175 221 187
 175 224 207
 175 226 178
 175 227 319
 175 228 262
 175 229 334
 175 232 310
 175 233 282
 175 234 349
 175 241 434
 175 245 409
 176 205 8
 176 207 20
 176 214 107
 176 218 123
 176 219 134
 176 220 197
 176 221 196
 176 226 295
 176 227 154
 176 228 276
 176 232 190
 176 233 234
 176 241 351
 176 245 485
 177 199 35
 177 206 117
 177 213 230
 177 214 148
 177 215 193
 177 218 204
 177 219 299
 177 220 254
 177 221 271
 177 223 289
 177 224 398
 177 226 247
 177 227 401
 177 228 455
 177 229 307
 177 232 331
 177 233 498
 177 234 318
 177 235 478
 177 241 355
 177 245 439
 177 255 412
 178 213 29
 178 217 74
 178 220 119
 178 222 127
 178 223 166
 178 224 156
 178 225 158
 178 226 202
 178 228 256
 178 233 203
 178 235 210
 178 241 321
 178 245 399
 178 246 437
 178 251 415
 178 255 396
 179 207 43
 179 209 108
 179 210 112
 179 211 96
 179 212 100
 179 215 201
 179 217 146
 179 220 136
 179 222 241
 179 223 278
 179 225 177
 179 226 263
 179 227 302
 179 228 218
 179 229 234
 179 232 323
 179 233 349
 179 234 389
 179 235 397
 179 241 374
 179 245 386
 179 246 455
 179 251 400
 179 255 423
 180 202 50
 180 207 94
 180 209 134
 180 212 215
 180 216 265
 180 218 169
 180 219 217
 180 223 318
 180 224 271
 180 225 319
 180 226 352
 180 227 394
 180 228 289
 180 229 389
 180 232 292
 180 233 309
 180 234 450
 180 235 395
 180 236 317
 180 240 462
 180 241 441
 180 245 343
 180 246 536
 180 251 541
 180 255 442
 181 223 167
 181 226 147
 181 227 158
 181 229 230
 181 232 204
 181 234 276
 181 236 269
 181 240 259
 181 245 234
 181 246 421
 181 250 244
 181 251 246
 181 255 496
 182 223 213
 182 224 200
 182 228 180
 182 229 193
 182 232 183
 182 234 251
 182 235 289
 182 240 362
 182 241 269
 182 242 249
 182 245 460
 182 246 418
 182 250 268
 182 251 333
 182 255 552
 183 202 47
 183 204 87
 183 205 56
 183 208 151
 183 210 157
 183 213 209
 183 214 131
 183 215 181
 183 216 148
 183 217 197
 183 219 252
 183 222 290
 183 223 271
 183 224 259
 183 225 193
 183 226 335
 183 227 224
 183 228 409
 183 229 285
 183 232 235
 183 233 271
 183 234 269
 183 235 419
 183 236 384
 183 240 473
 183 241 365
 183 242 520
 183 245 477
 183 246 353
 183 250 458
 183 251 378
 183 255 675
 184 218 88
 184 220 72
 184 225 147
 184 227 141
 184 229 134
 184 232 146
 184 233 179
 184 236 266
 184 240 231
 184 241 301
 184 242 365
 184 245 304
 184 246 347
 184 250 401
 184 251 254
 184 255 515
 185 222 94
 185 227 129
 185 229 197
 185 236 261
 185 240 191
 185 241 248
 185 245 380
 185 246 317
 185 247 357
 185 250 346
 185 251 408
 185 255 443
 186 199 30
 186 204 71
 186 207 141
 186 213 238
 186 214 178
 186 215 285
 186 218 216
 186 219 295
 186 220 330
 186 221 334
 186 223 383
 186 224 305
 186 225 298
 186 226 343
 186 227 358
 186 228 337
 186 229 378
 186 232 331
 186 233 317
 186 234 287
 186 235 328
 186 236 308
 186 240 469
 186 241 400
 186 242 541
 186 245 418
 186 246 510
 186 247 654
 186 250 528
 186 251 618
 186 255 506
 187 233 85
 187 240 165
 187 242 163
 187 250 263
 187 251 215
 187 255 198
 188 198 32
 188 209 104
 188 211 170
 188 213 160
 188 214 150
 188 215 218
 188 216 169
 188 217 288
 188 218 274
 188 220 179
 188 221 234
 188 222 259
 188 223 293
 188 224 212
 188 225 213
 188 226 230
 188 227 236
 188 228 417
 188 229 426
 188 232 347
 188 233 448
 188 234 379
 188 235 438
 188 236 472
 188 240 498
 188 241 547
 188 242 542
 188 244 398
 188 245 471
 188 246 475
 188 247 391
 188 250 673
 188 251 437
 188 255 713
 189 209 132
 189 214 201
 189 215 225
 189 218 148
 189 220 260
 189 222 158
 189 223 177
 189 224 242
 189 226 332
 189 228 268
 189 229 231
 189 231 369
 189 233 311
 189 234 400
 189 235 391
 189 236 427
 189 240 339
 189 241 493
 189 242 327
 189 244 484
 189 245 510
 189 246 325
 189 247 452
 189 250 482
 189 251 520
 189 255 575
 190 215 56
 190 219 81
 190 223 92
 190 224 148
 190 226 169
 190 227 174
 190 228 184
 190 229 248
 190 232 202
 190 233 280
 190 234 216
 190 236 227
 190 241 368
 190 242 335
 190 244 396
 190 245 386
 190 247 277
 190 250 281
 190 251 315
 190 255 469
 190 263 464
 191 233 112
 191 235 143
 191 240 163
 191 242 214
 191 246 230
 191 251 308
 191 254 348
 191 255 354
 191 263 410
 192 211 75
 192 215 171
 192 221 121
 192 225 158
 192 226 247
 192 227 290
 192 228 234
 192 229 292
 192 232 249
 192 233 257
 192 234 218
 192 235 219
 192 236 303
 192 240 379
 192 242 249
 192 244 435
 192 245 376
 192 246 293
 192 247 395
 192 250 401
 192 251 412
 192 254 419
 192 255 556
 192 258 606
 192 263 516
 192 269 450
 193 221 105
 193 226 164
 193 229 224
 193 230 155
 193 231 220
 193 234 268
 193 240 277
 193 241 262
 193 242 324
 193 244 259
 193 245 353
 193 246 229
 193 247 294
 193 250 236
 193 251 255
 193 254 336
 193 255 441
 193 258 481
 193 261 378
 193 263 408
 193 269 531
 194 235 103
 194 238 123
 194 241 134
 194 246 224
 194 251 178
 194 254 241
 194 255 207
 194 261 313
 194 263 219
 194 269 294
 194 272 440
 195 214 110
 195 220 195
 195 224 219
 195 228 237
 195 229 247
 195 230 307
 195 231 274
 195 233 324
 195 234 200
 195 235 298
 195 236 342
 195 238 239
 195 240 244
 195 241 243
 195 242 229
 195 244 370
 195 245 323
 195 246 473
 195 247 346
 195 250 517
 195 251 498
 195 254 364
 195 255 521
 195 258 418
 195 261 414
 195 263 599
 195 269 648
 195 272 584
 196 211 106
 196 218 229
 196 221 183
 196 222 220
 196 223 162
 196 224 221
 196 225 280
 196 226 218
 196 228 294
 196 230 218
 196 232 303
 196 234 289
 196 235 311
 196 236 381
 196 238 348
 196 240 250
 196 241 266
 196 242 394
 196 244 480
 196 245 276
 196 246 418
 196 247 280
 196 250 403
 196 251 462
 196 254 518
 196 255 334
 196 258 662
 196 261 553
 196 263 706
 196 269 573
 196 272 676
 197 206 31
 197 213 82
 197 217 116
 197 219 158
 197 220 195
 197 221 226
 197 225 196
 197 226 213
 197 227 170
 197 228 220
 197 229 332
 197 230 270
 197 231 248
 197 232 305
 197 233 315
 197 235 284
 197 236 440
 197 238 396
 197 240 253
 197 241 312
 197 242 277
 197 244 430
 197 245 340
 197 246 419
 197 247 378
 197 250 326
 197 251 470
 197 254 559
 197 255 454
 197 258 353
 197 261 557
 197 263 509
 197 267 751
 197 269 558
 197 272 622
 197 273 445
 198 238 38
 198 258 186
 198 263 239
 198 267 247
 198 269 264
 199 225 90
 199 229 195
 199 230 107
 199 233 166
 199 234 210
 199 235 160
 199 236 255
 199 238 227
 199 242 253
 199 244 173
 199 245 338
 199 246 240
 199 247 216
 199 250 381
 199 251 287
 199 254 300
 199 255 433
 199 258 495
 199 261 397
 199 263 514
 199 267 372
 199 269 540
 199 272 352
 199 273 589
 200 211 41
 200 215 145
 200 219 150
 200 220 142
 200 223 138
 200 224 213
 200 225 218
 200 229 282
 200 230 276
 200 231 319
 200 233 257
 200 234 332
 200 235 317
 200 236 299
 200 238 271
 200 241 353
 200 242 407
 200 244 345
 200 245 311
 200 246 359
 200 247 445
 200 250 426
 200 251 281
 200 254 427
 200 255 392
 200 258 491
 200 261 541
 200 263 571
 200 267 577
 200 269 560
 200 272 691
 200 273 399
 201 233 40
 201 234 68
 201 240 120
 201 245 173
 201 246 178
 201 247 182
 201 251 139
 201 254 180
 201 255 240
 201 258 226
 201 261 203
 201 263 305
 201 267 299
 201 269 246
 201 272 338
 201 273 291
 202 251 128
 202 255 100
 202 267 270
 202 283 386
 203 235 66
 203 236 48
 203 244 90
 203 246 115
 203 249 136
 203 250 218
 203 256 242
 203 258 250
 203 261 261
 203 262 177
 203 263 263
 203 269 275
 203 272 347
 203 273 370
 203 283 341
 204 217 27
 204 224 76
 204 225 140
 204 226 109
 204 228 112
 204 229 201
 204 230 157
 204 231 132
 204 237 266
 204 240 322
 204 242 193
 204 243 352
 204 244 234
 204 245 351
 204 246 258
 204 247 269
 204 248 292
 204 249 377
 204 250 337
 204 251 300
 204 253 353
 204 254 350
 204 255 490
 204 256 441
 204 258 312
 204 261 389
 204 262 508
 204 263 335
 204 267 404
 204 269 527
 204 272 380
 204 273 345
 204 283 364
 204 286 412
 205 238 94
 205 243 180
 205 244 143
 205 245 178
 205 246 177
 205 249 275
 205 250 272
 205 251 229
 205 253 222
 205 255 235
 205 256 307
 205 258 248
 205 259 374
 205 261 279
 205 262 200
 205 263 342
 205 267 434
 205 269 376
 205 272 330
 205 273 298
 205 283 335
 205 286 527
 206 235 50
 206 241 88
 206 245 108
 206 251 150
 206 253 229
 206 255 161
 206 256 135
 206 257 234
 206 259 152
 206 261 206
 206 262 249
 206 263 309
 206 267 200
 206 272 334
 206 273 349
 206 279 354
 206 283 380
 206 284 389
 206 286 396
 207 228 82
 207 229 76
 207 234 145
 207 236 195
 207 237 206
 207 238 122
 207 239 124
 207 242 154
 207 244 168
 207 245 236
 207 246 245
 207 249 207
 207 250 325
 207 251 327
 207 253 352
 207 255 330
 207 257 295
 207 258 409
 207 259 258
 207 261 258
 207 262 330
 207 263 483
 207 267 442
 207 269 448
 207 272 424
 207 273 287
 207 279 567
 207 283 370
 207 284 321
 207 286 569
 208 219 55
 208 221 48
 208 228 164
 208 229 140
 208 230 157
 208 232 182
 208 234 130
 208 236 202
 208 237 222
 208 238 173
 208 239 178
 208 240 173
 208 241 302
 208 242 185
 208 243 317
 208 244 306
 208 245 272
 208 246 351
 208 247 366
 208 248 232
 208 251 327
 208 253 349
 208 254 273
 208 255 361
 208 256 468
 208 257 374
 208 258 277
 208 259 366
 208 261 369
 208 262 281
 208 263 476
 208 264 313
 208 267 551
 208 269 501
 208 271 553
 208 272 334
 208 273 596
 208 276 532
 208 277 455
 208 278 446
 208 279 463
 208 283 657
 208 284 602
 208 286 606
 209 248 68
 209 249 63
 209 253 112
 209 255 96
 209 256 175
 209 257 113
 209 264 189
 209 267 263
 209 272 188
 209 273 271
 209 277 286
 209 278 220
 209 279 246
 209 286 384
 210 238 75
 210 249 140
 210 253 184
 210 254 195
 210 255 149
 210 258 218
 210 259 189
 210 260 210
 210 262 261
 210 263 211
 210 264 301
 210 267 244
 210 269 277
 210 271 251
 210 272 233
 210 273 370
 210 276 220
 210 277 251
 210 278 423
 210 279 370
 210 283 243
 210 284 365
 210 286 325
 210 291 386
 211 238 25
 211 245 62
 211 248 120
 211 249 112
 211 251 122
 211 253 111
 211 256 185
 211 257 201
 211 259 191
 211 260 271
 211 262 163
 211 263 309
 211 264 169
 211 269 190
 211 271 279
 211 272 184
 211 273 284
 211 276 203
 211 278 214
 211 283 399
 211 286 384
 211 291 385
 212 254 77
 212 259 138
 212 262 114
 212 263 112
 212 264 180
 212 272 141
 212 273 186
 212 274 152
 212 276 155
 212 286 280
 212 288 328
 212 294 235
 212 299 420
 213 235 56
 213 242 87
 213 247 152
 213 249 126
 213 250 153
 213 254 195
 213 255 217
 213 257 219
 213 258 281
 213 259 234
 213 260 239
 213 262 270
 213 263 268
 213 269 310
 213 272 354
 213 274 257
 213 277 424
 213 278 291
 213 279 288
 213 283 356
 213 284 378
 213 286 289
 213 288 438
 213 290 519
 213 291 399
 213 294 451
 213 299 408
 214 257 66
 214 262 79
 214 263 139
 214 273 150
 214 274 206
 214 283 256
 214 286 161
 214 288 224
 214 290 337
 214 291 228
 214 292 344
 214 294 359
 214 299 274
 214 300 454
 215 241 84
 215 244 139
 215 246 123
 215 248 136
 215 250 207
 215 251 140
 215 254 163
 215 256 234
 215 257 287
 215 259 272
 215 261 212
 215 262 207
 215 263 239
 215 264 343
 215 266 275
 215 269 355
 215 271 306
 215 272 296
 215 273 293
 215 274 396
 215 276 386
 215 277 337
 215 278 336
 215 279 335
 215 283 454
 215 284 489
 215 286 381
 215 288 397
 215 290 558
 215 291 541
 215 292 426
 215 294 514
 215 299 430
 215 300 430
 216 256 143
 216 260 134
 216 264 152
 216 266 159
 216 269 276
 216 271 267
 216 273 267
 216 274 293
 216 276 307
 216 277 267
 216 286 233
 216 288 368
 216 290 369
 216 291 405
 216 292 252
 216 294 273
 216 299 440
 216 300 342
 217 257 29
 217 259 40
 217 262 41
 217 264 54
 217 266 112
 217 269 95
 217 271 114
 217 274 147
 217 284 213
 217 288 211
 217 292 264
 217 299 270
 217 300 372
 218 259 43
 218 262 60
 218 263 80
 218 264 103
 218 269 86
 218 276 175
 218 277 177
 218 278 168
 218 283 173
 218 288 282
 218 291 308
 218 292 203
 218 293 240
 218 294 182
 218 297 229
 218 299 312
 218 300 322
 219 245 86
 219 247 141
 219 251 131
 219 252 170
 219 254 149
 219 255 178
 219 257 257
 219 258 231
 219 260 204
 219 262 192
 219 265 303
 219 267 296
 219 269 236
 219 270 298
 219 271 277
 219 272 300
 219 273 315
 219 276 303
 219 277 372
 219 278 260
 219 279 367
 219 281 218
 219 283 297
 219 284 246
 219 285 329
 219 286 316
 219 288 399
 219 290 459
 219 291 374
 219 292 323
 219 293 308
 219 294 426
 219 297 308
 219 299 608
 219 300 372
 220 243 77
 220 244 77
 220 251 119
 220 252 175
 220 253 190
 220 254 188
 220 255 194
 220 256 144
 220 259 144
 220 260 184
 220 262 214
 220 263 171
 220 267 167
 220 269 193
 220 271 222
 220 273 322
 220 274 245
 220 276 377
 220 277 363
 220 281 289
 220 282 347
 220 283 348
 220 284 379
 220 285 310
 220 286 303
 220 288 244
 220 290 374
 220 291 267
 220 292 338
 220 293 316
 220 294 363
 220 297 363
 220 299 584
 220 300 499
 221 253 49
 221 256 68
 221 260 88
 221 266 97
 221 269 159
 221 270 105
 221 271 136
 221 272 159
 221 273 192
 221 274 132
 221 276 207
 221 277 239
 221 278 236
 221 279 218
 221 282 177
 221 291 216
 221 292 326
 221 293 270
 221 294 376
 221 297 407
 221 299 255
 221 300 340
 222 254 35
 222 265 114
 222 266 84
 222 268 95
 222 271 109
 222 273 148
 222 276 146
 222 278 161
 222 282 136
 222 284 131
 222 285 152
 222 286 271
 222 287 297
 222 288 197
 222 292 271
 222 293 184
 222 294 277
 222 299 410
 222 300 269
 223 245 74
 223 253 135
 223 255 139
 223 256 184
 223 258 222
 223 259 147
 223 262 191
 223 263 197
 223 264 148
 223 266 191
 223 268 300
 223 269 231
 223 271 207
 223 272 283
 223 273 287
 223 277 337
 223 278 349
 223 279 197
 223 280 313
 223 282 291
 223 283 234
 223 284 277
 223 285 340
 223 287 447
 223 288 321
 223 290 362
 223 291 404
 223 292 433
 223 293 283
 223 294 490
 223 297 467
 223 299 293
 223 300 580
 224 264 114
 224 267 86
 224 276 139
 224 277 199
 224 279 124
 224 282 154
 224 283 189
 224 284 187
 224 287 291
 224 288 184
 224 291 238
 224 292 199
 224 293 321
 224 294 262
 224 297 226
 224 299 357
 224 300 415
 225 255 22
 225 256 33
 225 277 137
 225 278 149
 225 279 122
 225 281 170
 225 283 226
 225 292 174
 225 293 196
 225 294 207
 225 297 290
 225 299 385
 225 300 350
 226 259 36
 226 266 71
 226 269 85
 226 270 123
 226 271 92
 226 272 117
 226 273 118
 226 274 149
 226 278 155
 226 279 92
 226 282 165
 226 284 169
 226 285 229
 226 286 218
 226 288 246
 226 290 212
 226 293 310
 226 299 243
 226 300 311
 227 246 39
 227 254 95
 227 257 94
 227 258 113
 227 260 158
 227 263 178
 227 267 173
 227 269 219
 227 271 197
 227 273 185
 227 275 249
 227 278 270
 227 279 213
 227 281 312
 227 282 296
 227 283 253
 227 284 236
 227 287 320
 227 288 377
 227 290 322
 227 291 376
 227 292 399
 227 293 283
 227 294 353
 227 297 387
 227 299 522
 227 300 293
 228 264 33
 228 271 64
 228 273 56
 228 274 99
 228 276 66
 228 280 96
 228 286 165
 228 290 232
 228 291 235
 228 292 218
 228 293 202
 228 294 145
 228 297 264
 228 300 337
 229 271 62
 229 272 46
 229 283 137
 229 284 121
 229 286 95
 229 288 126
 229 299 188
 229 300 190
 230 282 10
 230 288 86
 230 297 133
 230 300 191
 231 283 46
 231 286 49
 231 287 110
 231 291 83
 231 299 148
 231 300 136
 232 254 21
 232 256 41
 232 266 113
 232 273 116
 232 275 129
 232 279 168
 232 280 195
 232 282 168
 232 283 150
 232 284 131
 232 286 257
 232 287 279
 232 288 152
 232 291 176
 232 292 336
 232 294 277
 232 296 339
 232 297 345
 232 299 410
 232 300 273
 233 271 97
 233 273 109
 233 276 140
 233 277 144
 233 278 88
 233 285 120
 233 287 144
 233 288 248
 233 292 159
 233 297 295
 233 299 307
 234 259 57
 234 261 62
 234 266 135
 234 268 93
 234 270 148
 234 272 92
 234 276 121
 234 278 107
 234 279 188
 234 281 192
 234 282 160
 234 284 199
 234 285 194
 234 286 186
 234 287 262
 234 288 290
 234 290 186
 234 291 302
 234 292 190
 234 293 267
 234 294 353
 234 296 305
 234 297 347
 234 299 346
 234 300 306
 235 274 41
 235 276 68
 235 277 69
 235 283 66
 235 287 156
 235 288 150
 235 290 161
 235 291 146
 235 293 140
 235 294 192
 235 295 145
 235 298 277
 235 299 207
 235 300 226
 236 276 50
 236 279 64
 236 284 82
 236 288 103
 236 291 184
 236 292 136
 236 294 150
 236 295 188
 236 296 219
 236 297 171
 236 298 196
 236 299 183
 237 299 84
 238 292 47
 238 297 106
 238 299 124
 238 300 142
 240 281 46
 240 285 118
 240 287 97
 240 291 114
 240 294 145
 240 295 132
 240 297 156
 240 298 199
 240 299 200
 240 300 176
 241 266 79
 241 267 93
 241 271 136
 241 272 88
 241 278 173
 241 281 193
 241 286 162
 241 287 195
 241 291 183
 241 294 173
 241 296 210
 241 297 342
 241 298 321
 241 299 266
 241 300 281
 242 277 45
 242 287 129
 242 290 136
 242 293 138
 242 294 152
 242 300 201
 244 290 85
 244 291 152
 244 293 136
 244 298 206
 244 300 171
 245 254 38
 245 260 75
 245 264 111
 245 265 107
 245 266 142
 245 268 127
 245 270 140
 245 272 140
 245 274 156
 245 275 137
 245 276 168
 245 277 123
 245 279 136
 245 280 208
 245 281 129
 245 282 176
 245 283 133
 245 285 181
 245 289 290
 245 290 284
 245 292 188
 245 293 319
 245 294 242
 245 295 317
 245 296 297
 245 297 305
 245 298 286
 245 299 258
 245 300 442
 246 276 41
 246 281 93
 246 285 98
 246 287 129
 246 291 194
 246 294 170
 246 295 189
 246 297 239
 246 298 194
 246 299 270
 247 290 82
 247 292 151
 247 293 172
 247 296 207
 247 299 237
 248 299 43
 249 300 81
 250 281 57
 250 284 64
 250 289 101
 250 290 161
 250 291 177
 250 292 152
 250 295 201
 250 297 161
 250 298 216
 250 300 154
 251 277 69
 251 287 178
 251 289 120
 251 292 186
 251 294 213
 251 296 224
 251 298 262
 251 299 190
 251 300 225
 254 288 112
 254 291 73
 254 293 84
 254 295 84
 254 297 151
 254 299 132
 254 300 240
 255 272 34
 255 278 70
 255 287 141
 255 288 128
 255 289 105
 255 291 171
 255 294 169
 255 295 127
 255 296 212
 255 298 143
 255 299 306
 255 300 181
 256 299 74
 256 300 56
 258 288 87
 258 289 85
 258 295 151
 258 296 129
 258 297 88
 258 298 149
 261 287 61
 261 288 50
 261 290 78
 261 294 108
 262 299 98
 263 276 7
 263 284 52
 263 290 66
 263 291 95
 263 293 134
 263 295 136
 263 297 176
 263 298 152
 263 299 133
 263 300 139
 267 293 86
 267 300 122
 269 286 58
 269 287 94
 269 293 131
 269 298 161
 273 293 65
 273 295 53
 279 300 38
 283 299 69
 286 300 58
